0
//EventName              DropZen   ItemDropRate   ItemDropCount   SetItemDropRate   ItemDropType   Fireworks	
"Star of Christmas"	 1000	   100		  1		  0		    0		   0	0
end

1
//Section   Type   MinLevel   MaxLevel   Skill   Luck   Option   Excellent	SetOption	DropRate
0           0      3          7          1       1      1        0			0			100
0           2      3          7          1       1      1        0			0			100
0           4      3          7          1       1      1        0			0			100
0           3      3          7          1       1      1        0			0			100
0           10     3          7          1       1      1        0			0			100
0           11     3          7          1       1      1        0			0			100
0           13     3          7          1       1      1        0			0			100
1           1      3          7          1       1      1        0			0			100
1           2      3          7          1       1      1        0			0			100
1           5      3          7          1       1      1        0			0			100
1           6      3          7          1       1      1        0			0			100
1           7      3          7          1       1      1        0			0			100
2           0      3          7          1       1      1        0			0			100
2           1      3          7          1       1      1        0			0			100
2           3      3          7          1       1      1        0			0			100
3           7      3          7          1       1      1        0			0			100
3           4      3          7          1       1      1        0			0			100
4           8      3          7          1       1      1        0			0			100
4           9      3          7          1       1      1        0			0			100
4           11     3          7          1       1      1        0			0			100
4           4      3          7          1       1      1        0			0			100
4           12     3          7          1       1      1        0			0			100
5           0      3          7          1       1      1        0			0			100
5           3      3          7          1       1      1        0			0			100
6           4      3          7          1       1      1        0			0			100
6           1      3          7          1       1      1        0			0			100
6           2      3          7          1       1      1        0			0			100
6           5      3          7          1       1      1        0			0			100
6           8      3          7          1       1      1        0			0			100
6           11     3          7          1       1      1        0			0			100
7           5      3          7          0       1      1        0			0			100
8           5      3          7          0       1      1        0			0			100
9           5      3          7          0       1      1        0			0			100
10          5      3          7          0       1      1        0			0			100
11          5      3          7          0       1      1        0			0			100
7           2      3          7          0       1      1        0			0			100
8           2      3          7          0       1      1        0			0			100
9           2      3          7          0       1      1        0			0			100
10          2      3          7          0       1      1        0			0			100
11          2      3          7          0       1      1        0			0			100
7           0      3          7          0       1      1        0			0			100
8           0      3          7          0       1      1        0			0			100
9           0      3          7          0       1      1        0			0			100
10          0      3          7          0       1      1        0			0			100
11          0      3          7          0       1      1        0			0			100
7           12     3          7          0       1      1        0			0			100
8           12     3          7          0       1      1        0			0			100
9           12     3          7          0       1      1        0			0			100
10          12     3          7          0       1      1        0			0			100
11          12     3          7          0       1      1        0			0			100
7           13     3          7          0       1      1        0			0			100
8           13     3          7          0       1      1        0			0			100
9           13     3          7          0       1      1        0			0			100
10          13     3          7          0       1      1        0			0			100
11          13     3          7          0       1      1        0			0			100
7           7      3          7          0       1      1        0			0			100
8           7      3          7          0       1      1        0			0			100
9           7      3          7          0       1      1        0			0			100
10          7      3          7          0       1      1        0			0			100
11          7      3          7          0       1      1        0			0			100
13          2      0          0          0       0      0        0			0			100
13          8      0          0          0       0      0        0			0			100
13          9      0          0          0       0      0        0			0			100
13          12     0          0          0       0      0        0			0			100
13          13     0          0          0       0      0        0			0			100
14          13     0          0          0       0      0        0			0			100
14          14     0          0          0       0      0        0			0			100
12          15     0          0          0       0      0        0			0			100
end
