0
//EventName             DropZen   ItemDropRate   ItemDropCount   SetItemDropRate   ItemDropType   Fireworks	
"Chaos Castle 7"	1000	  100		 1		 1000		   0		  0	0
end

1
//Section   Type   MinLevel   MaxLevel   Skill   Luck   Option   Excellent	SetOption	DropRate
7          21     0          9          0       0      0        0			5			80
7          22     0          9          0       0      0        0           5			80
7          23     0          9          0       0      0        0           5			80
7          24     0          9          0       0      0        0           5			80
7          28     0          9          0       0      0        0           5			80
7          42     0          9          0       0      0        0           5			80
7          61     0          9          0       0      0        0           5			80

8          21     0          9          0       0      0        0			5			80
8          22     0          9          0       0      0        0           5			80
8          23     0          9          0       0      0        0           5			80
8          24     0          9          0       0      0        0           5			80
8          28     0          9          0       0      0        0           5			80
8          42     0          9          0       0      0        0           5			80
8          61     0          9          0       0      0        0           5			80

9          21     0          9          0       0      0        0			5			80
9          22     0          9          0       0      0        0           5			80
9          23     0          9          0       0      0        0           5			80
9          24     0          9          0       0      0        0           5			80
9          28     0          9          0       0      0        0           5			80
9          42     0          9          0       0      0        0           5			80
9          61     0          9          0       0      0        0           5			80

10         21     0          9          0       0      0        0			5			80
10         22     0          9          0       0      0        0           5			80
10         23     0          9          0       0      0        0           5			80
10         24     0          9          0       0      0        0           5			80
10         28     0          9          0       0      0        0           5			80
10         42     0          9          0       0      0        0           5			80
10         61     0          9          0       0      0        0           5			80

11         21     0          9          0       0      0        0			5			80
11         22     0          9          0       0      0        0           5			80
11         23     0          9          0       0      0        0           5			80
11         24     0          9          0       0      0        0           5			80
11         28     0          9          0       0      0        0           5			80
11         42     0          9          0       0      0        0           5			80
11         61     0          9          0       0      0        0           5			80

end
