0
//EventName              DropZen   ItemDropRate   ItemDropCount   SetItemDropRate   ItemDropType   Fireworks	
"Senior Mix"		 1000	   100		  1		  0		    0		   0	0
end

1
//Section   Type   MinLevel   MaxLevel   Skill   Luck   Option   Excellent	SetOption	DropRate
0           20     5          0          1       1      0        1			0			100
0           21     5          0          1       1      0        1          0			100
3           12     5          0          1       1      0        1          0			100
4           20     5          0          1       1      0        1          0			100
0           16     45         0          1       1      0        1          0			100
0           31     45         0          1       1      0        1          0			100
2           11     45         0          1       1      0        1          0			100
3           10     45         0          1       1      0        1          0			100
4           19     45         0          1       1      0        1          0			100
5           6      45         0          1       1      0        1          0			100
5           9      45         0          1       1      0        1          0			100
5           11     50         0          1       1      0        0          0			100
0           20     50         0          1       1      0        0          0			100
0           21     50         0          1       1      0        0          0			100
3           12     50         0          1       1      0        0          0			100
4           20     50         0          1       1      0        0          0			100
7           21     45         0          0       1      0        1          0			100
8           21     45         0          0       1      0        1          0			100
9           21     45         0          0       1      0        1          0			100
10          21     45         0          0       1      0        1          0			100
11          21     45         0          0       1      0        1          0			100
7           24     45         0          0       1      0        1          0			100
8           24     45         0          0       1      0        1          0			100
9           24     45         0          0       1      0        1          0			100
10          24     45         0          0       1      0        1          0			100
11          24     45         0          0       1      0        1          0			100
7           22     45         0          0       1      0        1          0			100
8           22     45         0          0       1      0        1          0			100
9           22     45         0          0       1      0        1          0			100
10          22     45         0          0       1      0        1          0			100
11          22     45         0          0       1      0        1          0			100
7           28     45         0          0       1      0        1          0			100
8           28     45         0          0       1      0        1          0			100
9           28     45         0          0       1      0        1          0			100
10          28     45         0          0       1      0        1          0			100
11          28     45         0          0       1      0        1          0			100
8           23     45         0          0       1      0        1          0			100
9           23     45         0          0       1      0        1          0			100
10          23     45         0          0       1      0        1          0			100
11          23     45         0          0       1      0        1          0			100
8           21     50         0          0       1      0        0          0			100
8           24     50         0          0       1      0        0          0			100
8           22     50         0          0       1      0        0          0			100
8           28     50         0          0       1      0        0          0			100
8           23     50         0          0       1      0        0          0			100
end
