0
//EventName              DropZen   ItemDropRate   ItemDropCount   SetItemDropRate   ItemDropType   Fireworks	
"Dark Elf"		 1000	   100		  1		  0		    0		   0	0
end

1
//Section   Type   MinLevel   MaxLevel   Skill   Luck   Option   Excellent	SetOption	DropRate
0           17     3          5          1       1      1        0			0			100
0           18     3          5          1       1      1        0          0			100
2           12     3          5          1       1      1        0          0			100
4           19     3          5          1       1      1        0          0			100
5           9      3          5          1       1      1        0          0			100
6           13     3          5          1       1      1        0          0			100
6           16     3          5          1       1      1        0          0			100
5           6      0          0          1       1      1        1          0			100
2           4      0          0          1       1      1        1          0			100
2           9      0          0          1       1      1        1          0			100
4           14     0          0          1       1      1        1          0			100
2           5      0          0          1       1      1        1          0			100
7           1      0          0          0       1      1        1          0			100
7           3      0          0          0       1      1        1          0			100
7           14     0          0          0       1      1        1          0			100
8           1      0          0          0       1      1        1          0			100
8           3      0          0          0       1      1        1          0			100
8           14     0          0          0       1      1        1          0			100
9           1      0          0          0       1      1        1          0			100
9           3      0          0          0       1      1        1          0			100
9           14     0          0          0       1      1        1          0			100
10          1      0          0          0       1      1        1          0			100
10          3      0          0          0       1      1        1          0			100
10          14     0          0          0       1      1        1          0			100
11          1      0          0          0       1      1        1          0			100
11          3      0          0          0       1      1        1          0			100
11          14     0          0          0       1      1        1          0			100
13          36     0          0          0       0      0        0          0			100
13          18     4          6          0       0      0        0          0			100
14          19     4          5          0       0      0        0          0			100
14          28     4          6          0       0      0        0          0			100
end
