0
//EventName              DropZen   ItemDropRate   ItemDropCount   SetItemDropRate   ItemDropType   Fireworks	
"Fortune Pouch"	         1000	   100		  1		  0		    0		   0	0
end

1
//Section   Type   MinLevel   MaxLevel   Skill   Luck   Option   Excellent	SetOption	DropRate
0           9      0          0          1       1      1        1			0			100
0           10     0          0          1       1      1        1          0			100
0           11     0          0          1       1      1        1          0			100
0           12     0          0          1       1      1        1          0			100
0           15     0          0          1       1      1        1          0			100
1           5      0          0          1       1      1        1          0			100
1           6      0          0          1       1      1        1          0			100
1           7      0          0          1       1      1        1          0			100
1           8      0          0          1       1      1        1          0			100
2           3      0          0          1       1      1        1          0			100
2           4      0          0          1       1      1        1          0			100
2           5      0          0          1       1      1        1          0			100
3           0      0          0          1       1      1        1          0			100
3           1      0          0          1       1      1        1          0			100
3           2      0          0          1       1      1        1          0			100
3           3      0          0          1       1      1        1          0			100
3           4      0          0          1       1      1        1          0			100
3           5      0          0          1       1      1        1          0			100
3           6      0          0          1       1      1        1          0			100
3           7      0          0          1       1      1        1          0			100
3           8      0          0          1       1      1        1          0			100
6           11     0          0          1       1      1        1          0			100
6           12     0          0          1       1      1        1          0			100
6           13     0          0          1       1      1        1          0			100
6           14     0          0          1       1      1        1          0			100
4           3      0          0          1       1      1        1          0			100
4           4      0          0          1       1      1        1          0			100
4           5      0          0          1       1      1        1          0			100
4           11     0          0          1       1      1        1          0			100
4           12     0          0          1       1      1        1          0			100
4           13     0          0          1       1      1        1          0			100
4           14     0          0          1       1      1        1          0			100
5           3      0          0          0       1      1        1          0			100
5           4      0          0          0       1      1        1          0			100
7           0      0          0          0       1      1        1          0			100
8           0      0          0          0       1      1        1          0			100
9           0      0          0          0       1      1        1          0			100
10          0      0          0          0       1      1        1          0			100
11          0      0          0          0       1      1        1          0			100
7           2      0          0          0       1      1        1          0			100
8           2      0          0          0       1      1        1          0			100
9           2      0          0          0       1      1        1          0			100
10          2      0          0          0       1      1        1          0			100
11          2      0          0          0       1      1        1          0			100
7           4      0          0          0       1      1        1          0			100
8           4      0          0          0       1      1        1          0			100
9           4      0          0          0       1      1        1          0			100
10          4      0          0          0       1      1        1          0			100
11          4      0          0          0       1      1        1          0			100
7           5      0          0          0       1      1        1          0			100
8           5      0          0          0       1      1        1          0			100
9           5      0          0          0       1      1        1          0			100
10          5      0          0          0       1      1        1          0			100
11          5      0          0          0       1      1        1          0			100
7           6      0          0          0       1      1        1          0			100
8           6      0          0          0       1      1        1          0			100
9           6      0          0          0       1      1        1          0			100
10          6      0          0          0       1      1        1          0			100
11          6      0          0          0       1      1        1          0			100
7           7      0          0          0       1      1        1          0			100
8           7      0          0          0       1      1        1          0			100
9           7      0          0          0       1      1        1          0			100
10          7      0          0          0       1      1        1          0			100
11          7      0          0          0       1      1        1          0			100
7           8      0          0          0       1      1        1          0			100
8           8      0          0          0       1      1        1          0			100
9           8      0          0          0       1      1        1          0			100
10          8      0          0          0       1      1        1          0			100
11          8      0          0          0       1      1        1          0			100
7           9      0          0          0       1      1        1          0			100
8           9      0          0          0       1      1        1          0			100
9           9      0          0          0       1      1        1          0			100
10          9      0          0          0       1      1        1          0			100
11          9      0          0          0       1      1        1          0			100
7           13     0          0          0       1      1        1          0			100
8           13     0          0          0       1      1        1          0			100
9           13     0          0          0       1      1        1          0			100
10          13     0          0          0       1      1        1          0			100
11          13     0          0          0       1      1        1          0			100
7           14     0          0          0       1      1        1          0			100
8           14     0          0          0       1      1        1          0			100
9           14     0          0          0       1      1        1          0			100
10          14     0          0          0       1      1        1          0			100
11          14     0          0          0       1      1        1          0			100
13          14     0          0          0       0      0        0          0			100
13          52     0          0          0       0      0        0          0			100
13          53     0          0          0       0      0        0          0			100
end
