0
//EventName              DropZen   ItemDropRate   ItemDropCount   SetItemDropRate   ItemDropType   Fireworks	
"GameMaster Box"	 1000	   100		  1		  0		    0		   0	0
end

1
//Section   Type   MinLevel   MaxLevel   Skill   Luck   Option   Excellent	SetOption	DropRate
13          1      0          0          0       0      0        0			0		100
13          0      0          0          0       0      0        0          0		100
0           14     0          0          1       1      1        1          0		100
2           10     0          0          1       1      1        1          0		100
4           12     0          0          1       1      1        1          0		100
5           5      0          0          1       1      1        1          0		100
5           16     0          0          1       1      1        1          0		100
0           16     0          0          1       1      1        1          0		100
2           12     0          0          1       1      1        1          0		100
4           17     0          0          1       1      1        1          0		100
5           6      0          0          1       1      1        1          0		100
5           17     0          0          1       1      1        1          0		100
7           1      0          0          0       1      1        1          0		100
8           1      0          0          0       1      1        1          0		100
9           1      0          0          0       1      1        1          0		100
10          1      0          0          0       1      1        1          0		100
11          1      0          0          0       1      1        1          0		100
7           14     0          0          0       1      1        1          0		100
8           14     0          0          0       1      1        1          0		100
9           14     0          0          0       1      1        1          0		100
10          14     0          0          0       1      1        1          0		100
11          14     0          0          0       1      1        1          0		100
7           3      0          0          0       1      1        1          0		100
8           3      0          0          0       1      1        1          0		100
9           3      0          0          0       1      1        1          0		100
10          3      0          0          0       1      1        1          0		100
11          3      0          0          0       1      1        1          0		100
7           26     0          0          0       1      1        1          0		100
8           26     0          0          0       1      1        1          0		100
9           26     0          0          0       1      1        1          0		100
10          26     0          0          0       1      1        1          0		100
11          26     0          0          0       1      1        1          0		100
7           40     0          0          0       1      1        1          0		100
8           40     0          0          0       1      1        1          0		100
9           40     0          0          0       1      1        1          0		100
10          40     0          0          0       1      1        1          0		100
11          40     0          0          0       1      1        1          0		100
8           15     0          0          0       1      1        1          0		100
9           15     0          0          0       1      1        1          0		100
10          15     0          0          0       1      1        1          0		100
11          15     0          0          0       1      1        1          0		100
7           27     0          0          0       1      1        1          0		100
8           27     0          0          0       1      1        1          0		100
9           27     0          0          0       1      1        1          0		100
10          27     0          0          0       1      1        1          0		100
11          27     0          0          0       1      1        1          0		100
13          8      0          0          0       1      1        1          0		100
13          9      0          0          0       1      1        1          0		100
13          12     0          0          0       1      1        1          0		100
end
