0
//EventName              DropZen   ItemDropRate   ItemDropCount   SetItemDropRate   ItemDropType   Fireworks
"Pink Mistery Box"	 1000	   100		  1		  0		    0		   0	0
end

1
//Section   Type   MinLevel   MaxLevel   Skill   Luck   Option   Excellent	SetOption	DropRate
0           14     6          9          1       1      1        0			0			100
2           5      6          9          1       1      1        0          0			100
3           9      6          9          1       1      1        0          0			100
4           5      6          9          1       1      1        0          0			100
4           13     6          9          1       1      1        0          0			100
2           9      6          9          1       1      1        0          0			100
5           5      6          9          1       1      1        0          0			100
5           15     6          9          1       1      1        0          0			100
7           9      6          9          0       1      1        0          0			100
8           9      6          9          0       1      1        0          0			100
9           9      6          9          0       1      1        0          0			100
10          9      6          9          0       1      1        0          0			100
11          9      6          9          0       1      1        0          0			100
7           13     6          9          0       1      1        0          0			100
8           13     6          9          0       1      1        0          0			100
9           13     6          9          0       1      1        0          0			100
10          13     6          9          0       1      1        0          0			100
11          13     6          9          0       1      1        0          0			100
7           25     6          9          0       1      1        0          0			100
8           25     6          9          0       1      1        0          0			100
9           25     6          9          0       1      1        0          0			100
10          25     6          9          0       1      1        0          0			100
11          25     6          9          0       1      1        0          0			100
7           1      6          9          0       1      1        0          0			100
8           1      6          9          0       1      1        0          0			100
9           1      6          9          0       1      1        0          0			100
10          1      6          9          0       1      1        0          0			100
11          1      6          9          0       1      1        0          0			100
7           14     6          9          0       1      1        0          0			100
8           14     6          9          0       1      1        0          0			100
9           14     6          9          0       1      1        0          0			100
10          14     6          9          0       1      1        0          0			100
11          14     6          9          0       1      1        0          0			100
7           3      6          9          0       1      1        0          0			100
8           3      6          9          0       1      1        0          0			100
9           3      6          9          0       1      1        0          0			100
10          3      6          9          0       1      1        0          0			100
11          3      6          9          0       1      1        0          0			100
7           40     6          9          0       1      1        0          0			100
8           40     6          9          0       1      1        0          0			100
9           40     6          9          0       1      1        0          0			100
10          40     6          9          0       1      1        0          0			100
11          40     6          9          0       1      1        0          0			100
7           26     6          9          0       1      1        0          0			100
8           26     6          9          0       1      1        0          0			100
9           26     6          9          0       1      1        0          0			100
10          26     6          9          0       1      1        0          0			100
7           34     6          9          0       1      1        0          0			100
8           34     6          9          0       1      1        0          0			100
9           34     6          9          0       1      1        0          0			100
10          34     6          9          0       1      1        0          0			100
11          34     6          9          0       1      1        0          0			100
7           35     6          9          0       1      1        0          0			100
8           35     6          9          0       1      1        0          0			100
9           35     6          9          0       1      1        0          0			100
10          35     6          9          0       1      1        0          0			100
11          35     6          9          0       1      1        0          0			100
7           36     6          9          0       1      1        0          0			100
8           36     6          9          0       1      1        0          0			100
9           36     6          9          0       1      1        0          0			100
10          36     6          9          0       1      1        0          0			100
11          36     6          9          0       1      1        0          0			100
7           41     6          9          0       1      1        0          0			100
8           41     6          9          0       1      1        0          0			100
9           41     6          9          0       1      1        0          0			100
10          41     6          9          0       1      1        0          0			100
11          41     6          9          0       1      1        0          0			100
8           15     6          9          0       1      1        0          0			100
9           15     6          9          0       1      1        0          0			100
10          15     6          9          0       1      1        0          0			100
11          15     6          9          0       1      1        0          0			100
6           14     6          9          1       1      1        0          0			100
6           12     6          9          1       1      1        0          0			100
6           13     6          9          1       1      1        0          0			100
5           2      0          0          1       1      1        1          0			100
5           3      0          0          1       1      1        1          0			100
1           3      0          0          1       1      1        1          0			100
0           5      0          0          1       1      1        1          0			100
4           4      0          0          1       1      1        1          0			100
4           12     0          0          1       1      1        1          0			100
2           8      0          0          1       1      1        1          0			100
0           11     0          0          1       1      1        1          0			100
5           14     0          0          1       1      1        1          0			100
7           9      0          0          0       1      1        1          0			100
8           9      0          0          0       1      1        1          0			100
9           9      0          0          0       1      1        1          0			100
10          9      0          0          0       1      1        1          0			100
11          9      0          0          0       1      1        1          0			100
7           13     0          0          0       1      1        1          0			100
8           13     0          0          0       1      1        1          0			100
9           13     0          0          0       1      1        1          0			100
10          13     0          0          0       1      1        1          0			100
11          13     0          0          0       1      1        1          0			100
7           25     0          0          0       1      1        1          0			100
8           25     0          0          0       1      1        1          0			100
9           25     0          0          0       1      1        1          0			100
10          25     0          0          0       1      1        1          0			100
11          25     0          0          0       1      1        1          0			100
7           1      0          0          0       1      1        1          0			100
8           1      0          0          0       1      1        1          0			100
9           1      0          0          0       1      1        1          0			100
10          1      0          0          0       1      1        1          0			100
11          1      0          0          0       1      1        1          0			100
7           14     0          0          0       1      1        1          0			100
8           14     0          0          0       1      1        1          0			100
9           14     0          0          0       1      1        1          0			100
10          14     0          0          0       1      1        1          0			100
11          14     0          0          0       1      1        1          0			100
7           3      0          0          0       1      1        1          0			100
8           3      0          0          0       1      1        1          0			100
9           3      0          0          0       1      1        1          0			100
10          3      0          0          0       1      1        1          0			100
11          3      0          0          0       1      1        1          0			100
7           40     0          0          0       1      1        1          0			100
8           40     0          0          0       1      1        1          0			100
9           40     0          0          0       1      1        1          0			100
10          40     0          0          0       1      1        1          0			100
11          40     0          0          0       1      1        1          0			100
6           5      0          0          1       1      1        1          0			100
6           11     0          0          1       1      1        1          0			100
6           12     0          0          1       1      1        1          0			100
12          15     0          0          0       0      0        0          0			100
14          13     0          0          0       0      0        0          0			100
14          14     0          0          0       0      0        0          0			100
14          19     3          4          0       0      0        0          0			100
13          18     4          5          0       0      0        0          0			100
13          51     1          2          0       0      0        0          0			100
end
