0
//EventName              DropZen   ItemDropRate   ItemDropCount   SetItemDropRate   ItemDropType   Fireworks	
"Chaos Card Mix 4"	 1000	   100		  1		  0		    0		   0	0
end

1
//Section   Type   MinLevel   MaxLevel   Skill   Luck   Option   Excellent	SetOption	DropRate
5           14     0          0          1       1      1        2			0			100
5           15     0          0          1       1      1        2          0			100
0           0      0          0          1       1      1        2          0			100
0           5      0          0          1       1      1        2          0			100
0           13     0          0          1       1      1        2          0			100
0           14     0          0          1       1      1        2          0			100
0           10     0          0          1       1      1        2          0			100
0           11     0          0          1       1      1        2          0			100
0           15     0          0          1       1      1        2          0			100
0           12     0          0          1       1      1        2          0			100
1           3      0          0          1       1      1        2          0			100
1           6      0          0          1       1      1        2          0			100
1           7      0          0          1       1      1        2          0			100
1           8      0          0          1       1      1        2          0			100
2           1      0          0          1       1      1        2          0			100
2           2      0          0          1       1      1        2          0			100
2           3      0          0          1       1      1        2          0			100
2           4      0          0          1       1      1        2          0			100
3           1      0          0          1       1      1        2          0			100
3           3      0          0          1       1      1        2          0			100
3           7      0          0          1       1      1        2          0			100
3           0      0          0          1       1      1        2          0			100
3           4      0          0          1       1      1        2          0			100
3           8      0          0          1       1      1        2          0			100
4           0      0          0          1       1      1        2          0			100
4           3      0          0          1       1      1        2          0			100
4           4      0          0          1       1      1        2          0			100
4           5      0          0          1       1      1        2          0			100
4           9      0          0          1       1      1        2          0			100
4           11     0          0          1       1      1        2          0			100
4           12     0          0          1       1      1        2          0			100
5           3      0          0          1       1      1        2          0			100
5           4      0          0          1       1      1        2          0			100
5           5      0          0          1       1      1        2          0			100
2           8      0          0          1       1      1        2          0			100
2           9      0          0          1       1      1        2          0			100
2           10     0          0          1       1      1        2          0			100
2           11     0          0          1       1      1        2          0			100
6           0      0          0          0       1      1        2          0			100
6           1      0          0          0       1      1        2          0			100
6           2      0          0          1       1      1        2          0			100
6           3      0          0          1       1      1        2          0			100
6           4      0          0          1       1      1        2          0			100
6           5      0          0          1       1      1        2          0			100
6           6      0          0          1       1      1        2          0			100
6           7      0          0          1       1      1        2          0			100
6           8      0          0          1       1      1        2          0			100
6           9      0          0          1       1      1        2          0			100
6           10     0          0          1       1      1        2          0			100
6           11     0          0          1       1      1        2          0			100
7           5      0          0          0       1      1        2          0			100
8           5      0          0          0       1      1        2          0			100
9           5      0          0          0       1      1        2          0			100
10          5      0          0          0       1      1        2          0			100
11          5      0          0          0       1      1        2          0			100
7           0      0          0          0       1      1        2          0			100
8           0      0          0          0       1      1        2          0			100
9           0      0          0          0       1      1        2          0			100
10          0      0          0          0       1      1        2          0			100
11          0      0          0          0       1      1        2          0			100
7           8      0          0          0       1      1        2          0			100
8           8      0          0          0       1      1        2          0			100
9           8      0          0          0       1      1        2          0			100
10          8      0          0          0       1      1        2          0			100
11          8      0          0          0       1      1        2          0			100
7           9      0          0          0       1      1        2          0			100
8           9      0          0          0       1      1        2          0			100
9           9      0          0          0       1      1        2          0			100
10          9      0          0          0       1      1        2          0			100
11          9      0          0          0       1      1        2          0			100
7           1      0          0          0       1      1        2          0			100
8           1      0          0          0       1      1        2          0			100
9           1      0          0          0       1      1        2          0			100
10          1      0          0          0       1      1        2          0			100
11          1      0          0          0       1      1        2          0			100
7           2      0          0          0       1      1        2          0			100
8           2      0          0          0       1      1        2          0			100
9           2      0          0          0       1      1        2          0			100
10          2      0          0          0       1      1        2          0			100
11          2      0          0          0       1      1        2          0			100
7           4      0          0          0       1      1        2          0			100
8           4      0          0          0       1      1        2          0			100
9           4      0          0          0       1      1        2          0			100
10          4      0          0          0       1      1        2          0			100
11          4      0          0          0       1      1        2          0			100
7           7      0          0          0       1      1        2          0			100
8           7      0          0          0       1      1        2          0			100
9           7      0          0          0       1      1        2          0			100
10          7      0          0          0       1      1        2          0			100
11          7      0          0          0       1      1        2          0			100
7           3      0          0          0       1      1        2          0			100
8           3      0          0          0       1      1        2          0			100
9           3      0          0          0       1      1        2          0			100
10          3      0          0          0       1      1        2          0			100
11          3      0          0          0       1      1        2          0			100
7           10     0          0          0       1      1        2          0			100
8           10     0          0          0       1      1        2          0			100
9           10     0          0          0       1      1        2          0			100
10          10     0          0          0       1      1        2          0			100
11          10     0          0          0       1      1        2          0			100
7           11     0          0          0       1      1        2          0			100
8           11     0          0          0       1      1        2          0			100
9           11     0          0          0       1      1        2          0			100
10          11     0          0          0       1      1        2          0			100
11          11     0          0          0       1      1        2          0			100
7           12     0          0          0       1      1        2          0			100
8           12     0          0          0       1      1        2          0			100
9           12     0          0          0       1      1        2          0			100
10          12     0          0          0       1      1        2          0			100
11          12     0          0          0       1      1        2          0			100
7           13     0          0          0       1      1        2          0			100
8           13     0          0          0       1      1        2          0			100
9           13     0          0          0       1      1        2          0			100
10          13     0          0          0       1      1        2          0			100
11          13     0          0          0       1      1        2          0			100
7           14     0          0          0       1      1        2          0			100
8           14     0          0          0       1      1        2          0			100
9           14     0          0          0       1      1        2          0			100
10          14     0          0          0       1      1        2          0			100
11          14     0          0          0       1      1        2          0			100
7           25     0          0          0       1      1        2          0			100
8           25     0          0          0       1      1        2          0			100
9           25     0          0          0       1      1        2          0			100
10          25     0          0          0       1      1        2          0			100
11          25     0          0          0       1      1        2          0			100
7           26     0          0          0       1      1        2          0			100
8           26     0          0          0       1      1        2          0			100
9           26     0          0          0       1      1        2          0			100
10          26     0          0          0       1      1        2          0			100
11          26     0          0          0       1      1        2          0			100
7           39     0          0          0       1      1        2          0			100
8           39     0          0          0       1      1        2          0			100
9           39     0          0          0       1      1        2          0			100
10          39     0          0          0       1      1        2          0			100
11          39     0          0          0       1      1        2          0			100
13          8      0          0          0       1      1        2          0			100
13          9      0          0          0       1      1        2          0			100
13          12     0          0          0       1      1        2          0			100
13          13     0          0          0       1      1        2          0			100
13          3      0          0          0       0      0        0          0			100
end
