0
//EventName              DropZen   ItemDropRate   ItemDropCount   SetItemDropRate   ItemDropType   Fireworks	
"Box Thuc Tinh"	 1000	   100		  1		  0		    0		   0	0
end

1
//Section   Type   MinLevel   MaxLevel   Skill   Luck   Option   Excellent	SetOption	DropRate
0          109     0          15          0       0      0        1			0			100
0          110     0          15          0       0      0        1			0			100
0          111     0          15          0       0      0        1			0			100
2          103     0          15          0       0      0        1			0			100
4          103     0          15          0       0      0        1			0			100
5          106     0          15          0       0      0        1			0			100
5          107     0          15          0       0      0        1			0			100
6          103     0          15          0       0      0        1			0			100


7          121     0          15          0       0      0        1			0			100
7          122     0          15          0       0      0        1			0			100
7          123     0          15          0       0      0        1			0			100
7          124     0          15          0       0      0        1			0			100
7          126     0          15          0       0      0        1			0			100
7          127     0          15          0       0      0        1			0			100

8          121     0          15          0       0      0        1          0			100
8          122     0          15          0       0      0        1          0			100
8          123     0          15          0       0      0        1          0			100
8          124     0          15          0       0      0        1          0			100
8          125     0          15          0       0      0        1          0			100
8          126     0          15          0       0      0        1          0			100
8          127     0          15          0       0      0        1          0			100

9          121     0          15          0       0      0        1          0			100
9          122     0          15          0       0      0        1          0			100
9          123     0          15          0       0      0        1          0			100
9          124     0          15          0       0      0        1          0			100
9          125     0          15          0       0      0        1          0			100
9          126     0          15          0       0      0        1          0			100
9          127     0          15          0       0      0        1          0			100

10         121     0          15          0       0      0        1          0			100
10         122     0          15          0       0      0        1          0			100
10         123     0          15          0       0      0        1          0			100
10         124     0          15          0       0      0        1          0			100
10         125     0          15          0       0      0        1          0			100
10         126     0          15          0       0      0        1          0			100

11         121     0          15          0       0      0        1          0			100
11         122     0          15          0       0      0        1          0			100
11         123     0          15          0       0      0        1          0			100
11         124     0          15          0       0      0        1          0			100
11         125     0          15          0       0      0        1          0			100
11         126     0          15          0       0      0        1          0			100
11         127     0          15          0       0      0        1          0			100
end
