0
//EventName              DropZen   ItemDropRate   ItemDropCount   SetItemDropRate   ItemDropType   Fireworks	
"Box Mat Xanh"	 1000	   100		  1		  0		    0		   0	0
end

1
//Section   Type   MinLevel   MaxLevel   Skill   Luck   Option   Excellent	SetOption	DropRate
0          112     0          15          0       0      0        1			0			100
0          113     0          15          0       0      0        1			0			100
0          114     0          15          0       0      0        1			0			100
2          104     0          15          0       0      0        1			0			100
4          104     0          15          0       0      0        1			0			100
5          108     0          15          0       0      0        1			0			100
5          109     0          15          0       0      0        1			0			100
6          104     0          15          0       0      0        1			0			100


7          128     0          15          0       0      0        1			0			100
7          129     0          15          0       0      0        1			0			100
7          130     0          15          0       0      0        1			0			100
7          131     0          15          0       0      0        1			0			100
7          133     0          15          0       0      0        1			0			100
7          134     0          15          0       0      0        1			0			100

8          128     0          15          0       0      0        1          0			100
8          129     0          15          0       0      0        1          0			100
8          130     0          15          0       0      0        1          0			100
8          131     0          15          0       0      0        1          0			100
8          132     0          15          0       0      0        1          0			100
8          133     0          15          0       0      0        1          0			100
8          134     0          15          0       0      0        1          0			100

9          128     0          15          0       0      0        1          0			100
9          129     0          15          0       0      0        1          0			100
9          130     0          15          0       0      0        1          0			100
9          131     0          15          0       0      0        1          0			100
9          132     0          15          0       0      0        1          0			100
9          133     0          15          0       0      0        1          0			100
9          134     0          15          0       0      0        1          0			100

10         128     0          15          0       0      0        1          0			100
10         129     0          15          0       0      0        1          0			100
10         130     0          15          0       0      0        1          0			100
10         131     0          15          0       0      0        1          0			100
10         132     0          15          0       0      0        1          0			100
10         133     0          15          0       0      0        1          0			100

11         128     0          15          0       0      0        1          0			100
11         129     0          15          0       0      0        1          0			100
11         130     0          15          0       0      0        1          0			100
11         131     0          15          0       0      0        1          0			100
11         132     0          15          0       0      0        1          0			100
11         133     0          15          0       0      0        1          0			100
11         134     0          15          0       0      0        1          0			100
end
