0
//EventName              DropZen   ItemDropRate   ItemDropCount   SetItemDropRate   ItemDropType   Fireworks	
"Box Manh Su"	 1000	   100		  1		  0		    0		   0	0
end

1
//Section   Type   MinLevel   MaxLevel   Skill   Luck   Option   Excellent	SetOption	DropRate
0          118     0          15          0       0      0        1			0			100
0          119     0          15          0       0      0        1			0			100
0          120     0          15          0       0      0        1			0			100
2          106     0          15          0       0      0        1			0			100
4          106     0          15          0       0      0        1			0			100
5          112     0          15          0       0      0        1			0			100
5          113     0          15          0       0      0        1			0			100
6          106     0          15          0       0      0        1			0			100


7          142     0          15          0       0      0        1			0			100
7          143     0          15          0       0      0        1			0			100
7          144     0          15          0       0      0        1			0			100
7          145     0          15          0       0      0        1			0			100
7          147     0          15          0       0      0        1			0			100
7          148     0          15          0       0      0        1			0			100

8          142     0          15          0       0      0        1          0			100
8          143     0          15          0       0      0        1          0			100
8          144     0          15          0       0      0        1          0			100
8          145     0          15          0       0      0        1          0			100
8          146     0          15          0       0      0        1          0			100
8          147     0          15          0       0      0        1          0			100
8          148     0          15          0       0      0        1          0			100

9          142     0          15          0       0      0        1          0			100
9          143     0          15          0       0      0        1          0			100
9          144     0          15          0       0      0        1          0			100
9          145     0          15          0       0      0        1          0			100
9          146     0          15          0       0      0        1          0			100
9          147     0          15          0       0      0        1          0			100
9          148     0          15          0       0      0        1          0			100

10         142     0          15          0       0      0        1          0			100
10         143     0          15          0       0      0        1          0			100
10         144     0          15          0       0      0        1          0			100
10         145     0          15          0       0      0        1          0			100
10         146     0          15          0       0      0        1          0			100
10         147     0          15          0       0      0        1          0			100

11         142     0          15          0       0      0        1          0			100
11         143     0          15          0       0      0        1          0			100
11         144     0          15          0       0      0        1          0			100
11         145     0          15          0       0      0        1          0			100
11         146     0          15          0       0      0        1          0			100
11         147     0          15          0       0      0        1          0			100
11         148     0          15          0       0      0        1          0			100
end
