0
//EventName              DropZen   ItemDropRate   ItemDropCount   SetItemDropRate   ItemDropType   Fireworks	
"Box Than The"	 1000	   100		  1		  0		    0		   0	0
end

1
//Section   Type   MinLevel   MaxLevel   Skill   Luck   Option   Excellent	SetOption	DropRate
0          124     0          15          0       0      0        1			0			100
0          125     0          15          0       0      0        1			0			100
0          126     0          15          0       0      0        1			0			100
2          108     0          15          0       0      0        1			0			100
4          108     0          15          0       0      0        1			0			100
5          116     0          15          0       0      0        1			0			100
5          117     0          15          0       0      0        1			0			100
6          108     0          15          0       0      0        1			0			100


7          156     0          15          0       0      0        1			0			100
7          157     0          15          0       0      0        1			0			100
7          158     0          15          0       0      0        1			0			100
7          159     0          15          0       0      0        1			0			100
7          161     0          15          0       0      0        1			0			100
7          162     0          15          0       0      0        1			0			100

8          156     0          15          0       0      0        1          0			100
8          157     0          15          0       0      0        1          0			100
8          158     0          15          0       0      0        1          0			100
8          159     0          15          0       0      0        1          0			100
8          160     0          15          0       0      0        1          0			100
8          161     0          15          0       0      0        1          0			100
8          162     0          15          0       0      0        1          0			100

9          156     0          15          0       0      0        1          0			100
9          157     0          15          0       0      0        1          0			100
9          158     0          15          0       0      0        1          0			100
9          159     0          15          0       0      0        1          0			100
9          160     0          15          0       0      0        1          0			100
9          161     0          15          0       0      0        1          0			100
9          162     0          15          0       0      0        1          0			100

10         156     0          15          0       0      0        1          0			100
10         157     0          15          0       0      0        1          0			100
10         158     0          15          0       0      0        1          0			100
10         159     0          15          0       0      0        1          0			100
10         160     0          15          0       0      0        1          0			100
10         161     0          15          0       0      0        1          0			100

11         156     0          15          0       0      0        1          0			100
11         157     0          15          0       0      0        1          0			100
11         158     0          15          0       0      0        1          0			100
11         159     0          15          0       0      0        1          0			100
11         160     0          15          0       0      0        1          0			100
11         161     0          15          0       0      0        1          0			100
11         162     0          15          0       0      0        1          0			100
end
