0
//EventName              DropZen   ItemDropRate   ItemDropCount   SetItemDropRate   ItemDropType   Fireworks	
"Box Huyen Thoai"	 1000	   100		  1		  0		    0		   0	0
end

1
//Section   Type   MinLevel   MaxLevel   Skill   Luck   Option   Excellent	SetOption	DropRate
0          130     0          15          0       0      0        1			0			100
0          131     0          15          0       0      0        1			0			100
0          132     0          15          0       0      0        1			0			100
2          110     0          15          0       0      0        1			0			100
4          110     0          15          0       0      0        1			0			100
5          120     0          15          0       0      0        1			0			100
5          121     0          15          0       0      0        1			0			100
6          110     0          15          0       0      0        1			0			100


7          170     0          15          0       0      0        1			0			100
7          171     0          15          0       0      0        1			0			100
7          172     0          15          0       0      0        1			0			100
7          173     0          15          0       0      0        1			0			100
7          175     0          15          0       0      0        1			0			100
7          176     0          15          0       0      0        1			0			100

8          170     0          15          0       0      0        1          0			100
8          171     0          15          0       0      0        1          0			100
8          172     0          15          0       0      0        1          0			100
8          173     0          15          0       0      0        1          0			100
8          174     0          15          0       0      0        1          0			100
8          175     0          15          0       0      0        1          0			100
8          176     0          15          0       0      0        1          0			100

9          170     0          15          0       0      0        1          0			100
9          171     0          15          0       0      0        1          0			100
9          172     0          15          0       0      0        1          0			100
9          173     0          15          0       0      0        1          0			100
9          174     0          15          0       0      0        1          0			100
9          175     0          15          0       0      0        1          0			100
9          176     0          15          0       0      0        1          0			100

10         170     0          15          0       0      0        1          0			100
10         171     0          15          0       0      0        1          0			100
10         172     0          15          0       0      0        1          0			100
10         173     0          15          0       0      0        1          0			100
10         174     0          15          0       0      0        1          0			100
10         175     0          15          0       0      0        1          0			100

11         170     0          15          0       0      0        1          0			100
11         171     0          15          0       0      0        1          0			100
11         172     0          15          0       0      0        1          0			100
11         173     0          15          0       0      0        1          0			100
11         174     0          15          0       0      0        1          0			100
11         175     0          15          0       0      0        1          0			100
11         176     0          15          0       0      0        1          0			100
end
