0
//EventName              DropZen   ItemDropRate   ItemDropCount   SetItemDropRate   ItemDropType   Fireworks	
"Box Huyet Than"	 1000	   100		  1		  0		    0		   0	0
end

1
//Section   Type   MinLevel   MaxLevel   Skill   Luck   Option   Excellent	SetOption	DropRate
0          24      0          15          0       0      0        1			0			100
0          25      0          15          0       0      0        1			0			100
0          33      0          15          0       0      0        1			0			100
2          15      0          15          0       0      0        1			0			100
4          19      0          15          0       0      0        1			0			100
5          11      0          15          0       0      0        1			0			100
5          17      0          15          0       0      0        1			0			100
6          9       0          15          0       0      0        1			0			100
6          12      0          15          0       0      0        1			0			100


7          17      0          15          0       0      0        1			0			100
7          18      0          15          0       0      0        1			0			100
7          19      0          15          0       0      0        1			0			100
7          41      0          15          0       0      0        1			0			100
7          38      0          15          0       0      0        1			0			100
7          60      0          15          0       0      0        1			0			100

8          17      0          15          0       0      0        1          0			100
8          18      0          15          0       0      0        1          0			100
8          19      0          15          0       0      0        1          0			100
8          41      0          15          0       0      0        1          0			100
8          20      0          15          0       0      0        1          0			100
8          38      0          15          0       0      0        1          0			100
8          60      0          15          0       0      0        1          0			100

9          17      0          15          0       0      0        1          0			100
9          18      0          15          0       0      0        1          0			100
9          19      0          15          0       0      0        1          0			100
9          41      0          15          0       0      0        1          0			100
9          20      0          15          0       0      0        1          0			100
9          38      0          15          0       0      0        1          0			100
9          60      0          15          0       0      0        1          0			100

10         17      0          15          0       0      0        1          0			100
10         18      0          15          0       0      0        1          0			100
10         19      0          15          0       0      0        1          0			100
10         41      0          15          0       0      0        1          0			100
10         20      0          15          0       0      0        1          0			100
10         38      0          15          0       0      0        1          0			100
 
11         17      0          15          0       0      0        1          0			100
11         18      0          15          0       0      0        1          0			100
11         19      0          15          0       0      0        1          0			100
11         41      0          15          0       0      0        1          0			100
11         20      0          15          0       0      0        1          0			100
11         38      0          15          0       0      0        1          0			100
11         60      0          15          0       0      0        1          0			100
end
