0
//EventName              DropZen   ItemDropRate   ItemDropCount   SetItemDropRate   ItemDropType   Fireworks	
"Box Huyet Than"	 1000	   100		  1		  0		    0		   0	0
end

1
//Section   Type   MinLevel   MaxLevel   Skill   Luck   Option   Excellent	SetOption	DropRate
0          20     0          15          0       0      0        1			0			100
0          21     0          15          0       0      0        1			0			100
0          34     0          15          0       0      0        1			0			100
2          12     0          15          0       0      0        1			0			100
4          20     0          15          0       0      0        1			0			100
5          13     0          15          0       0      0        1			0			100
5          18     0          15          0       0      0        1			0			100
6          13     0          15          0       0      0        1			0			100
6          15     0          15          0       0      0        1			0			100
6          16     0          15          0       0      0        1			0			100
6          21     0          15          0       0      0        1			0			100


7          21     0          15          0       0      0        1			0			100
7          22     0          15          0       0      0        1			0			100
7          24     0          15          0       0      0        1			0			100
7          42     0          15          0       0      0        1			0			100
7          28     0          15          0       0      0        1			0			100
7          61     0          15          0       0      0        1			0			100

8          21     0          15          0       0      0        1          0			100
8          22     0          15          0       0      0        1          0			100
8          24     0          15          0       0      0        1          0			100
8          42     0          15          0       0      0        1          0			100
8          23     0          15          0       0      0        1          0			100
8          28     0          15          0       0      0        1          0			100
8          61     0          15          0       0      0        1          0			100

9          21     0          15          0       0      0        1          0			100
9          22     0          15          0       0      0        1          0			100
9          24     0          15          0       0      0        1          0			100
9          42     0          15          0       0      0        1          0			100
9          23     0          15          0       0      0        1          0			100
9          28     0          15          0       0      0        1          0			100
9          61     0          15          0       0      0        1          0			100

10         21     0          15          0       0      0        1          0			100
10         22     0          15          0       0      0        1          0			100
10         24     0          15          0       0      0        1          0			100
10         42     0          15          0       0      0        1          0			100
10         23     0          15          0       0      0        1          0			100
10         28     0          15          0       0      0        1          0			100

11         21     0          15          0       0      0        1          0			100
11         22     0          15          0       0      0        1          0			100
11         24     0          15          0       0      0        1          0			100
11         42     0          15          0       0      0        1          0			100
11         23     0          15          0       0      0        1          0			100
11         28     0          15          0       0      0        1          0			100
11         61     0          15          0       0      0        1          0			100
end
