0
//EventName              DropZen   ItemDropRate   ItemDropCount   SetItemDropRate   ItemDropType   Fireworks	
"Box Huyet Than"	 1000	   100		  1		  0		    0		   0	0
end

1
//Section   Type   MinLevel   MaxLevel   Skill   Luck   Option   Excellent	SetOption	DropRate
0          26     0          15          0       0      0        1			0			100
0          27     0          15          0       0      0        1			0			100
0          28     0          15          0       0      0        1			0			100
0          81     0          15          0       0      0        1			0			100
2          16     0          15          0       0      0        1			0			100
2          17     0          15          0       0      0        1			0			100
4          23     0          15          0       0      0        1			0			100
4          24     0          15          0       0      0        1			0			100
5          30     0          15          0       0      0        1			0			100
5          31     0          15          0       0      0        1			0			100
5          32     0          15          0       0      0        1			0			100
6          17     0          15          0       0      0        1			0			100
6          18     0          15          0       0      0        1			0			100
6          19     0          15          0       0      0        1			0			100
6          20     0          15          0       0      0        1			0			100


7          44     0          15          0       0      0        1          0			100
7          45     0          15          0       0      0        1          0			100
7          46     0          15          0       0      0        1          0			100
7          49     0          15          0       0      0        1          0			100
7          50     0          15          0       0      0        1          0			100
7          51     0          15          0       0      0        1          0			100
7          52     0          15          0       0      0        1          0			100
7          53     0          15          0       0      0        1          0			100
7          77     0          15          0       0      0        1          0			100

8          44     0          15          0       0      0        1          0			100
8          45     0          15          0       0      0        1          0			100
8          46     0          15          0       0      0        1          0			100
8          47     0          15          0       0      0        1          0			100
8          48     0          15          0       0      0        1          0			100
8          49     0          15          0       0      0        1          0			100
8          50     0          15          0       0      0        1          0			100
8          51     0          15          0       0      0        1          0			100
8          52     0          15          0       0      0        1          0			100
8          53     0          15          0       0      0        1          0			100
8          77     0          15          0       0      0        1          0			100

9          44     0          15          0       0      0        1          0			100
9          45     0          15          0       0      0        1          0			100
9          46     0          15          0       0      0        1          0			100
9          47     0          15          0       0      0        1          0			100
9          48     0          15          0       0      0        1          0			100
9          49     0          15          0       0      0        1          0			100
9          50     0          15          0       0      0        1          0			100
9          51     0          15          0       0      0        1          0			100
9          52     0          15          0       0      0        1          0			100
9          53     0          15          0       0      0        1          0			100
9          77     0          15          0       0      0        1          0			100

10          44     0          15          0       0      0        1          0			100
10          45     0          15          0       0      0        1          0			100
10          46     0          15          0       0      0        1          0			100
10          47     0          15          0       0      0        1          0			100
10          48     0          15          0       0      0        1          0			100
10          49     0          15          0       0      0        1          0			100
10          50     0          15          0       0      0        1          0			100
10          51     0          15          0       0      0        1          0			100
10          52     0          15          0       0      0        1          0			100
10          53     0          15          0       0      0        1          0			100

11          44     0          15          0       0      0        1          0			100
11          45     0          15          0       0      0        1          0			100
11          46     0          15          0       0      0        1          0			100
11          47     0          15          0       0      0        1          0			100
11          48     0          15          0       0      0        1          0			100
11          49     0          15          0       0      0        1          0			100
11          50     0          15          0       0      0        1          0			100
11          51     0          15          0       0      0        1          0			100
11          52     0          15          0       0      0        1          0			100
11          53     0          15          0       0      0        1          0			100
11          77     0          15          0       0      0        1          0			100
end
