//Index Map     MaxLife     DamageMin   DamageMax   Defense     AttRate     DefRate     ExpRate     KillMess    ModeMess    WCoinC  WCoinP  WCoinG  Ruud    SumMonster  SumMonterC  SumMonRate  DameBossC   KillBossC   
	43      *       100         100         100         100         100         100         100         101         38          100     0       0       0       *           *           100         1           1           
	53      *       100         100         100         100         100         100         100         103         38          100     0       0       0       *           *           100         1           1           
	54      *       100         100         100         100         100         100         100         104         38          100     0       0       0       *           *           100         1           1           
	78      *       100         100         100         100         100         100         100         105         38          100     0       0       0       *           *           100         1           1           
	79      *       100         100         100         100         100         100         100         106         38          100     0       0       0       *           *           100         1           1           
	80      *       100         100         100         100         100         100         100         107         38          100     0       0       0       *           *           100         1           1           
	81      *       100         100         100         100         100         100         100         108         38          100     0       0       0       *           *           100         1           1           
	82      *       100         100         100         100         100         100         100         109         38          100     0       0       0       *           *           100         1           1           
	83      *       100         100         100         100         100         100         100         110         38          100     0       0       0       *           *           100         1           1           
	493     *       100         100         100         100         100         100         100         111         38          300     0       0       0       *           *           100         1           1           
	494     *       100         100         100         100         100         100         100         112         38          300     0       0       0       *           *           100         1           1           
	495     *       100         100         100         100         100         100         100         113         38          300     0       0       0       *           *           100         1           1           
	496     *       100         100         100         100         100         100         100         114         38          300     0       0       0       *           *           100         1           1           
	497     *       100         100         100         100         100         100         100         115         38          300     0       0       0       *           *           100         1           1           
	498     *       100         100         100         100         100         100         100         116         38          300     0       0       0       *           *           100         1           1           
	499     *       100         100         100         100         100         100         100         117         38          500     0       0       0       *           *           100         1           1           
	500     *       100         100         100         100         100         100         100         118         38          500     0       0       0       *           *           100         1           1           
	501     *       100         100         100         100         100         100         100         119         38          1000    0       0       0       *           *           100         1           1           
	502     *       100         100         100         100         100         100         100         120         38          100     0       0       0       *           *           100         1           1           
	42      *       100         100         100         100         100         100         100         150         38          2000    0       0       0       *           *           100         1           1           
	413     *       100         100         100         100         100         100         100         153         38          10      0       0       0       *           *           100         1           1           
	309     *       100         100         100         100         100         100         100         147         38          1000    0       0       0       *           *           100         1           1           
	561     *       100         100         100         100         100         100         100         148         38          5000    0       0       0       *           *           100         1           1           
	706     *       100         100         100         100         100         100         100         149         38          5000    0       0       0       *           *           100         1           1           
	750     *       100         100         100         100         100         100         100         94          38          5000    0       0       0       751         *           100         1           1           
	751     *       100         100         100         100         100         100         100         95          38          5000    0       0       0       752         *           100         1           1           
	752     *       100         100         100         100         100         100         100         96          38          5000    0       0       0       753         *           100         1           1           
	753     *       100         100         100         100         100         100         100         97          38          5000    0       0       0       754         *           100         1           1           
	754     *       100         100         100         100         100         100         100         98          38          5000    0       0       0       755         *           100         1           1           
	755     *       100         100         100         100         100         100         100         99          38          5000    0       0       0       756         *           100         1           1           
	756     *       100         100         100         100         100         100         100         100         38          5000    0       0       0       *           *           100         1           1           
	724     *       100         100         100         100         100         100         100         144         38          500     0       0       0       *           *           100         1           1           
	725     *       100         100         100         100         100         100         100         145         38          500     0       0       0       726         *           100         1           1           
	726     *       100         100         100         100         100         100         100         146         38          1000    0       0       0       *           *           100         1           1           
	275     *       100         100         100         100         100         100         100         152         38          3000    0       0       0       *           *           100         1           1           
	703     *       100         100         100         100         100         100         100         124         38          3000    0       0       0       *           *           100         1           1           
	705     *       100         100         100         100         100         100         100         126         38          3000    0       0       0       *           *           100         1           1           
	707     *       100         100         100         100         100         100         100         128         38          3000    0       0       0       *           *           100         1           1           
	704     *       100         100         100         100         100         100         100         125         38          10000   0       0       0       *           *           100         1           1           
	719     *       100         100         100         100         100         100         100         140         38          10000   0       0       0       *           *           100         1           1           
	722     *       100         100         100         100         100         100         100         143         38          10000   0       0       0       *           *           100         1           1           
	717     *       100         100         100         100         100         100         100         138         38          10000   0       0       0       *           *           100         1           1           
	712     *       100         100         100         100         100         100         100         133         38          10000   0       0       0       *           *           100         1           1           
	723     *       200         100         100         100         100         100         100         151         38          50000   0       0       0       *           *           100         1           1           
	132     *       100         100         100         100         100         100         100         151         38          1000    0       0       0       716         *           100         1           1           
	133     *       100         100         100         100         100         100         100         151         38          1000    0       0       0       716         *           100         1           1           
	134     *       100         100         100         100         100         100         100         151         38          1000    0       0       0       716         *           100         1           1           
	715     *       100         100         100         100         100         100         100         136         38          10000   0       0       0       *           *           100         1           1           
	716     *       100         100         100         100         100         100         100         137         38          10000   0       0       0       *           *           100         1           1           
	526     *       1000000     100         100         100         100         100         100         -1          -1          0       0       0       0       *           *           100         1           0           
end