//Index ItemIdx    Life           Mana           Damage         Speed       X2Dmg           ExcDmg          Exp             CriDmg          Refl        PetRec          Str         Agi     Vit     Ene     Lead    Comment             
	1       6856       10000          10000          5000           100         0               5               10              5               0           1               10000       10000   10000   10000   10000   //Pet Spark         
	2       6857       10000          10000          50             50          0               5               10              5               0           1               0           0       0       0       0       //Pet Bael          
	3       6858       10000          10000          50             50          0               5               10              5               0           1               0           0       0       0       0       //Pet Bateriaup     
	4       6859       10000          10000          50             50          0               5               10              5               0           1               0           0       0       0       0       //Pet Beagle        
	5       6860       10000          10000          50             50          0               5               10              5               0           1               0           0       0       0       0       //Pet Bluefairyup   
	6       6861       10000          10000          50             50          0               5               10              5               0           1               0           0       0       0       0       //Pet Bogeon        
	7       6862       10000          10000          50             50          0               5               10              5               0           1               0           0       0       0       0       //Pet Bulldog       
	8       6863       10000          10000          50             50          0               5               10              5               0           1               0           0       0       0       0       //Pet Cyclops       
	9       6864       10000          10000          50             50          0               5               10              5               0           1               0           0       0       0       0       //Pet Figure        
	10      6865       10000          10000          50             50          0               5               10              5               0           1               0           0       0       0       0       //Pet Knightinstructorup
	11      6866       10000          10000          50             50          0               5               10              5               0           1               0           0       0       0       0       //Pet Knightzombieup
	12      6867       10000          10000          50             50          0               5               10              5               0           1               0           0       0       0       0       //Pet Lycan         
	13      6868       10000          10000          50             50          0               5               10              5               0           1               0           0       0       0       0       //Pet Mermaid       
	14      6869       10000          10000          50             50          0               5               10              5               0           1               0           0       0       0       0       //Pet Mino          
	15      6870       10000          10000          50             50          0               5               10              5               0           1               0           0       0       0       0       //Pet Mommoth       
	16      6871       10000          10000          50             50          0               5               10              5               0           1               0           0       0       0       0       //Pet Mummyboy      
	17      6872       10000          10000          50             50          0               5               10              5               0           1               0           0       0       0       0       //Pet Polaris       
	18      6873       20000          20000          60             100         0               10              20              10              0           1               0           0       0       0       0       //Fenrir Blue       
	19      6874       20000          20000          60             100         0               10              20              10              0           1               0           0       0       0       0       //Fenrir Red        
	20      6875       20000          20000          60             100         0               10              20              10              0           1               0           0       0       0       0       //Fenrir Green      
	21      6876       20000          20000          60             100         0               10              20              10              0           1               0           0       0       0       0       //Fenrir Orange     
	22      6877       20000          20000          60             100         0               10              20              10              0           1               0           0       0       0       0       //Fenrir Pink       
	23      6878       20000          20000          60             100         0               10              20              10              0           1               0           0       0       0       0       //Fenrir Purple     
	24      6879       20000          20000          60             100         0               10              20              10              0           1               0           0       0       0       0       //Fenrir White      
	25      6880       30000          30000          70             150         0               15              30              15              0           1               0           0       0       0       0       //Fenrir God Brown  
	26      6881       30000          30000          70             150         0               15              30              15              0           1               0           0       0       0       0       //Fenrir God Purple 
	27      6882       30000          30000          70             150         0               15              30              15              0           1               0           0       0       0       0       //Fenrir God Aqua   
	28      6883       30000          30000          70             150         0               15              30              15              0           1               0           0       0       0       0       //Fenrir God Red    
	29      6884       30000          30000          70             150         0               15              30              15              0           1               0           0       0       0       0       //Fenrir God Silver 
	30      6885       30000          30000          70             150         0               15              30              15              0           1               0           0       0       0       0       //Fenrir God Blue   
	31      6886       30000          30000          70             150         0               15              30              15              0           1               0           0       0       0       0       //Fenrir God Black  
	32      6887       30000          30000          70             150         0               15              30              15              0           1               0           0       0       0       0       //Fenrir God Gold   
	33      6888       30000          30000          70             150         0               15              30              15              0           1               0           0       0       0       0       //Fenrir God Green  
	34      6889       30000          30000          70             150         0               15              30              15              0           1               0           0       0       0       0       //Fenrir God Pink   
	35      6890       40000          40000          80             200         0               20              40              20              0           1               0           0       0       0       0       //Devine Horse      
	36      6891       40000          40000          80             200         0               20              40              20              0           1               0           0       0       0       0       //Devine Horse Blue 
	37      6892       40000          40000          80             200         0               20              40              20              0           1               0           0       0       0       0       //Devine Horse Red  
	38      6893       40000          40000          80             200         0               20              40              20              0           1               0           0       0       0       0       //Devine Horse Violet
	39      6894       50000          50000          90             250         0               25              50              25              0           1               0           0       0       0       0       //Demon Horse Red   
	40      6895       50000          50000          90             250         0               25              50              25              0           1               0           0       0       0       0       //Demon Horse White 
	41      6896       50000          50000          90             250         0               25              50              25              0           1               0           0       0       0       0       //Demon Horse Yellow
	42      6897       60000          60000          100            300         0               30              60              30              0           1               0           0       0       0       0       //Fierce Lion Blue  
	43      6898       60000          60000          100            300         0               30              60              30              0           1               0           0       0       0       0       //Fierce Lion Red   
	44      6899       70000          70000          110            350         0               35              70              35              0           1               0           0       0       0       0       //Mighty Lion Azure 
	45      6900       70000          70000          110            350         0               35              70              35              0           1               0           0       0       0       0       //Mighty Lion Thunder
	46      6901       80000          80000          120            400         0               40              80              40              0           1               0           0       0       0       0       //Fierce Bear Ur    
	47      6902       80000          80000          120            400         0               40              80              40              0           1               0           0       0       0       0       //Fierce Bear UrUP  
	48      6903       90000          90000          130            450         0               45              90              45              0           1               0           0       0       0       0       //Mystic Rhino      
	49      6904       90000          90000          130            450         0               45              90              45              0           1               0           0       0       0       0       //Mystic Horse      
	50      6905       100000         100000         140            500         0               50              100             50              0           1               0           0       0       0       0       //Frost Fenrir      
	51      6906       100000         100000         140            500         0               50              100             50              0           1               0           0       0       0       0       //Flame Fenrir      
	52      6907       110000         110000         150            550         0               55              110             55              0           1               0           0       0       0       0       //Eternal Guardian  
	53      6908       110000         110000         150            550         0               55              110             55              0           1               0           0       0       0       0       //Ocean Sentinel    
	54      6909       120000         120000         160            600         0               60              120             60              0           1               0           0       0       0       0       //Titan Minotaur    
	55      6910       120000         120000         160            600         0               60              120             60              0           1               0           0       0       0       0       //Chaos Minotaur    
end