//In    Index   DefA    IncDmgA IncDmgB DecDmgA DecDmgB Opt1I   Opt1V   Opt2I   Opt2V   Opt3I   Opt3V   NewO1I  NewO1V  NewO2I  NewO2V  NewO3I  NewO3V  NewO4I  NewO4V  
	1       6294    4       134     2       66      2       81      4       83      4       85      1       110     4       111     4       109     4       108     4       
	2       6295    4       134     2       66      2       81      4       83      4       85      1       110     4       111     4       109     4       108     4       
	3       6296    4       134     2       66      2       81      4       83      4       85      1       110     4       111     4       109     4       108     4       
	4       6297    4       144     2       56      2       81      4       83      4       85      1       110     8       111     8       109     8       108     8       
	5       6298    4       144     2       56      2       81      4       83      4       85      1       110     8       111     8       109     8       108     8       
	6       6299    4       134     2       66      2       81      4       83      4       85      1       110     4       111     4       109     4       108     4       
	7       6300    4       149     2       51      2       81      4       83      4       85      1       110     10      111     10      109     10      108     10      
	8       6301    4       149     2       51      2       81      4       83      4       85      1       110     10      111     10      109     10      108     10      
	9       6302    4       149     2       51      2       81      4       83      4       85      1       110     10      111     10      109     10      108     10      
	10      6303    4       149     2       51      2       81      4       83      4       85      1       110     10      111     10      109     10      108     10      
	11      6304    4       149     2       51      2       81      4       83      4       85      1       110     10      111     10      109     10      108     10      
	12      6305    4       149     2       51      2       81      4       83      4       85      1       110     10      111     10      109     10      108     10      
	13      6306    4       149     2       51      2       81      4       83      4       85      1       110     10      111     10      109     10      108     10      
	14      6354    4       154     2       46      2       81      4       83      4       85      1       110     15      111     15      109     15      108     15      
	16      6355    4       154     2       46      2       81      4       83      4       85      1       110     15      111     15      109     15      108     15      
	17      6356    4       154     2       46      2       81      4       83      4       85      1       110     15      111     15      109     15      108     15      
	18      6357    4       154     2       46      2       81      4       83      4       85      1       110     15      111     15      109     15      108     15      
	19      6358    4       154     2       46      2       81      4       83      4       85      1       110     15      111     15      109     15      108     15      
	20      6359    4       154     2       46      2       81      4       83      4       85      1       110     15      111     15      109     15      108     15      
	21      6360    4       154     2       46      2       81      4       83      4       85      1       110     15      111     15      109     15      108     15      
	22      6361    4       154     2       46      2       81      4       83      4       85      1       110     15      111     15      109     15      108     15      
	23      6362    4       154     2       46      2       81      4       83      4       85      1       110     15      111     15      109     15      108     15      
	24      6363    4       154     2       46      2       81      4       83      4       85      1       110     15      111     15      109     15      108     15      
	25      6364    4       154     2       46      2       81      4       83      4       85      1       110     15      111     15      109     15      108     15      
	26      6365    4       154     2       46      2       81      4       83      4       85      1       110     15      111     15      109     15      108     15      
	27      6366    4       154     2       46      2       81      4       83      4       85      1       110     15      111     15      109     15      108     15      
	28      6367    4       154     2       46      2       81      4       83      4       85      1       110     15      111     15      109     15      108     15      
	29      6368    4       154     2       46      2       81      4       83      4       85      1       110     15      111     15      109     15      108     15      
	30      6369    4       154     2       46      2       81      4       83      4       85      1       110     15      111     15      109     15      108     15      
	32      6371    4       154     2       46      2       81      4       83      4       85      1       110     15      111     15      109     15      108     15      
	33      6372    4       154     2       46      2       81      4       83      4       85      1       110     15      111     15      109     15      108     15      
	34      6373    4       154     2       46      2       81      4       83      4       85      1       110     15      111     15      109     15      108     15      
	35      6374    4       154     2       46      2       81      4       83      4       85      1       110     15      111     15      109     15      108     15      
	40      6383    4       154     2       46      2       81      4       83      4       85      1       110     15      111     15      109     15      108     15      
	41      6384    4       154     2       46      2       81      4       83      4       85      1       110     15      111     15      109     15      108     15      
	42      6345    4       154     2       46      2       81      4       83      4       85      1       110     15      111     15      109     15      108     15      
	43      6370    4       154     2       46      2       81      4       83      4       85      1       110     15      111     15      109     15      108     15      
	44      6307    4       134     2       66      2       81      4       83      4       85      1       110     4       111     4       109     4       108     4       
	45      6309    4       134     2       66      2       81      4       83      4       85      1       110     4       111     4       109     4       108     4       
	46      6313    4       144     2       56      2       81      4       83      4       85      1       110     6       111     6       109     6       108     6       
	47      6315    4       144     2       56      2       81      4       83      4       85      1       110     6       111     6       109     6       108     6       
end