// 0  - Demon			
// 1  - Rudolf			
// 2  - Panda			
// 3  - Unicorn			
// 4  - Skeleton		
// 5  - Fenrir (Mount)		
// 6  - Dark Horse (Mount) 
// 7  - Uniria (Mount)
// 8  - Muun Pet 	
// 9  - Angel
// 10 - Satan
// 11 - Dinorant (Mount) 		[NO FOUNT][UPDATE 14]
//=============================================================================================================================
//Index	IndexInv 	Type	ModelName				Fenrir	 X 	   	 	  Y	 		Inv		Drop	View	   LX		   TP	
//=============================================================================================================================
  6856	6856		8		"HoangSyMG"				0		0.00		-0.010		1.0	  	1.0		1.5		  -90.0       -35.0
  6857	6857		8		"Pet232"				0		0.00		-0.010		1.0	  	1.0		1.2		  -90.0       -35.0
  6858	6858		8		"bateriaup"				0		0.00		-0.010		1.0	  	1.0		1.2		  -90.0       -35.0
  6859	6859		8		"beagle"				0		0.00		-0.010		1.0	  	1.0		1.2		  -90.0       -35.0
  6860	6860		8		"bluefairyup"			0		0.00		-0.010		1.0	  	1.0		1.2		  -90.0       -35.0
  6861	6861		8		"bogeonpet_evol"		0		0.00		-0.010		1.0	  	1.0		1.2       -90.0       -35.0
  6862	6862		8		"bulldog"				0		0.00		-0.010		1.0	  	1.0		1.2       -90.0       -35.0
  6863	6863		8		"cyclopspet_evol"		0		0.00		-0.010		1.0	  	1.0		1.2       -90.0       -35.0
  6864	6864		8		"figure"				0		0.00		-0.010		1.0	  	1.0		1.2       -90.0       -35.0
  6865	6865		8		"knightinstructorup"	0		0.00		-0.010		1.0	  	1.0		1.2       -90.0       -35.0
  6866	6866		8		"knightzombieup"		0		0.00		-0.010		1.0	  	1.0		1.2       -90.0       -35.0
  6867	6867		8		"lycanpet_evol"			0		0.00		-0.010		1.0	  	1.0		1.2       -90.0       -35.0
  6868	6868		8		"mermaidpet_evol"		0		0.00		-0.010		1.0	  	1.0		1.2       -90.0       -35.0
  6869	6869		8		"syt23"			 		0		0.00		-0.010		1.0	  	1.0		1.4       -90.0       -35.0
  6870	6870		8		"mommothpet_evol"		0		0.00		-0.010		1.0	  	1.0		1.2       -90.0       -35.0
  6871	6871		8		"USK_War2.0_Pet"		0		0.00		-0.010		1.0	  	1.0		1.5       -90.0       -35.0
  6872	6872		8		"polarispet_evol"		0		0.00		-0.010		1.0	  	1.0		1.2       -90.0       -35.0
//=============================================================================================================================
//Index	IndexInv 	Type	ModelName				Fenrir	 X 	   	 	  Y	 		Inv		Drop	View	   LX		   TP	
//=============================================================================================================================
  6873	6873		5		"blue"					0		0.02		-0.02		0.4 	0.3 	0.8 	  -90.0       -35.0
  6874	6874		5		"red"					0		0.02		-0.02		0.4 	0.3 	0.8 	  -90.0       -35.0
  6875	6875		5		"green"					0		0.02		-0.02		0.4 	0.3 	0.8 	  -90.0       -35.0
  6876	6876		5		"orange"				0		0.02		-0.08		0.4 	0.3 	0.8 	  -90.0       -35.0
  6877 	6877 		5 		"pink"   				0		0.02		0.06		0.4 	0.3 	0.8 	  -90.0       -35.0
  6878 	6878 		5 		"purple"   				0		0.02		0.06		0.4 	0.3 	0.8 	  -90.0       -35.0
  6879 	6879 		5 		"white"   				0		0.02		0.06		0.4 	0.3 	0.8 	  -90.0       -35.0
//=============================================================================================================================
//Index	IndexInv 	Type	ModelName				Fenrir	 X 	   	 	  Y	 		Inv		Drop	View	   LX		   TP	
//=============================================================================================================================
  6880	6880		5		"Mascota1234"			0		0.02		0.03		0.4 	0.3 	0.8 	  -90.0       -35.0
  6881	6881		5		"Mascota1235"			0		0.02		0.03		0.4 	0.3 	0.8 	  -90.0       -35.0
  6882	6882		5		"Mascota1236"			0		0.02		0.03		0.4 	0.3 	0.8 	  -90.0       -35.0
  6883	6883		5		"Mascota1237"			0		0.02		0.03		0.4 	0.3 	0.8 	  -90.0       -35.0
  6884 	6884 		5 		"Mascota1238"   		0		0.02		0.05		0.4 	0.3 	0.8 	  -90.0       -35.0
  6885 	6885 		5 		"Mascota1239"   		0		0.02		0.05		0.4 	0.3 	0.8 	  -90.0       -35.0
  6886 	6886 		5 		"Mascota1240"   		0		0.02		0.05		0.4 	0.3 	0.8 	  -90.0       -35.0
  6887 	6887 		5 		"Mascota1241"   		0		0.02		0.05		0.4 	0.3 	0.8 	  -90.0       -35.0
  6888 	6888 		5 		"Mascota1242"   		0		0.02		0.05		0.4 	0.3 	0.8 	  -90.0       -35.0
  6889 	6889 		5 		"Mascota1243"   		0		0.02		0.05		0.4 	0.3 	0.8 	  -90.0       -35.0

  6890	6890		6		"Divine_Horse"			0		0.02		0.08		0.4 	0.3 	0.9555 	  -90.0       -35.0
  6891	6891		6		"Divine_Horse_Blue"		0		0.02		0.08		0.4 	0.3 	0.9555 	  -90.0       -35.0
  6892	6892		6		"Divine_Horse_Red"		0		0.02		0.08		0.4 	0.3 	0.9555 	  -90.0       -35.0
  6893	6893		6		"Divine_Horse_Violet"	0		0.02		0.08		0.4 	0.3 	0.9555 	  -90.0       -35.0
  6894	6894		6		"DemonHorseRed"			0		0.02		0.08		0.4 	0.3 	0.9555 	  -90.0       -35.0
  6895	6895		6		"DemonHorseWhite"		0		0.02		0.08		0.4 	0.3 	0.9555 	  -90.0       -35.0
  6896	6896		6		"DemonHorseYellow"		0		0.02		0.08		0.4 	0.3 	0.9555 	  -90.0       -35.0
  6897	6897		5		"fiercelion"			0		0.02		0.08		0.4 	0.3 	0.9555 	  -90.0       -35.0
  6898	6898		5		"fiercelionR"			0		0.02		0.08		0.4 	0.3 	0.9555 	  -90.0       -35.0
  6899	6899		5		"MightyLionAzure"		0		0.02		0.08		0.4 	0.3 	0.9555 	  -90.0       -35.0
  6900	6900		5		"MightyLionThunder"		0		0.02		0.08		0.4 	0.3 	0.9555 	  -90.0       -35.0
  6901	6901		5		"Ur"					0		0.02		0.08		0.4 	0.3 	1.1 	  -90.0       -35.0
  6902	6902		5		"UrUp"					0		0.02		0.08		0.4 	0.3 	1.1 	  -90.0       -35.0
  6903	6903		5		"Mystic_Rhino"			0		0.02		0.08		0.4 	0.3 	0.9555 	  -90.0       -35.0
  6904	6904		6		"Mystic_Horse"			0		0.02		0.08		0.4 	0.3 	0.9555 	  -90.0       -35.0
  6905	6905		6		"Frost_Fenrir"			0		0.02		0.08		0.4 	0.3 	1.1 	  -90.0       -35.0
  6906	6906		6		"Flame_Fenrir"			0		0.02		0.08		0.4 	0.3 	1.1 	  -90.0       -35.0
  6907	6907		5		"Eternal_Guardian"		0		0.02		0.08		0.4 	0.3 	0.9555 	  -90.0       -35.0
  6908	6908		6		"Ocean_Sentinel"		0		0.02		0.08		0.4 	0.3 	1.2 	  -90.0       -35.0
  6909	6909		5		"taurus"				0		0.02		0.08		0.6 	0.3 	1.4 	  -90.0       -35.0
  6910	6910		5		"taurus_rare"			0		0.02		0.08		0.6 	0.3 	1.4 	  -90.0       -35.0
end