//===============================================================================================================
// CustomWing.txt - Khai báo Cánh + Áo Choàng
//===============================================================================================================
// CapeMode: Chế độ áo choàng. -1 = Không dùng (Wing), 0 = Chỉ Áo, 1 = Áo + Râu (dải rũ 2 bên)
// ClassType: Loại nhân vật. -1 = Không dùng (Wing), 0 = Dark Lord (DL), 1 = Rage Fighter (RF)
// CloakName(Áo): Tên file texture Áo choàng. * = Không dùng
// StripName(Râu): Tên file texture Râu. * = Không dùng
// * Mesh part Áo và Râu được tự động nhận diện qua tên texture trong model 3D
//===============================================================================================================
//In	IIndex	DefA	IncDmgA	IncDmgB	DecDmgA	DecDmgB	Opt1	Opt1	Opt2	Opt2	Opt3	Opt3	NewOpt1	NewOpt1	NewOpt2	NewOpt2	NewOpt3	NewOpt3	NewOpt4	NewOpt4	ModelType	IsCape	ModelName			CapeMode	ClassType	CloakName(Áo)					StripName(Râu)
1       6294    4       139     2       61      2       81      4       83      4       85      1       106     4       108     4       107     4       111     4       0           0		"Wing200"			-1			-1			*									*
2       6295    4       139     2       61      2       81      4       83      4       85      1       106     4       108     4       107     4       111     4       0           0		"Wing201"			-1			-1			*									*
3       6296    4       139     2       61      2       81      4       83      4       85      1       106     4       108     4       107     4       111     4       0           0		"Wing202"			-1			-1			*									*
4       6297    4       139     2       61      2       81      4       83      4       85      1       106     9       108     9       107     9       111     9       0           0		"ConquerorWing"		-1			-1			*									*
5       6298    4       139     2       61      2       81      4       83      4       85      1       106     9       108     9       107     9       111     9       0           0		"angel_devil_wing"	-1			-1			*									*
6       6299    4       139     2       61      2       81      4       83      4       85      1       106     4       108     4       107     4       111     4       1           4		"cape_of_death"		1			0			"KF_Death_clka.tga"				"KF_Death_clkb.tga"
7       6300    4       139     2       61      2       81      4       83      4       85      1       106     7       108     7       107     7       111     7       0           0		"Wing401"			-1			-1			*									*
8       6301    4       139     2       61      2       81      4       83      4       85      1       106     7       108     7       107     7       111     7       0           0		"Wing402"			-1			-1			*									*
9       6302    4       139     2       61      2       81      4       83      4       85      1       106     7       108     7       107     7       111     7       0           0		"Wing403"			-1			-1			*									*
10      6303    4       139     2       61      2       81      4       83      4       85      1       106     7       108     7       107     7       111     7       0           0		"Wing404"			-1			-1			*									*
11      6304    4       139     2       61      2       81      4       83      4       85      1       106     7       108     7       107     7       111     7       1           4		"Wing405"			1			0			"KF_darklordwing4de.tga"		"KF_darklordwing4dd.tga"
12      6305    4       139     2       61      2       81      4       83      4       85      1       106     7       108     7       107     7       111     7       0           0		"Wing406"			-1			-1			*									*
13      6306    4       139     2       61      2       81      4       83      4       85      1       106     7       108     7       107     7       111     7       1           4		"Wing407"			0			1			"KF_ragefighterwing4db.tga"		*
14      6309    4       139     2       61      2       81      4       83      4       85      1       106     7       108     7       107     7       111     7       1           4		"Wing410"			0			0			"cKdLLV1Dcmaker.tga"			*
15		6344	4		139		2		61		2		81		4		83		4		85		1		106		20		108		20		107		20		111		20		0			0       "WingCustom1"		-1			-1			*									*
16		6345	4		139		2		61		2		81		4		83		4		85		1		106		22		108		22		107		22		111		22		0			0       "WingCustom2"		-1			-1			*									*
17		6346	4		139		2		61		2		81		4		83		4		85		1		106		24		108		24		107		24		111		24		0			0       "WingCustom3"		-1			-1			*									*
18		6347	4		139		2		61		2		81		4		83		4		85		1		106		26		108		26		107		26		111		26		0			0       "WingCustom4"		-1			-1			*									*
19		6348	4		139		2		61		2		81		4		83		4		85		1		106		28		108		28		107		28		111		28		0			0       "WingCustom5"		-1			-1			*									*
20		6349	4		139		2		61		2		81		4		83		4		85		1		106		30		108		30		107		30		111		30		0			0       "WingCustom6"		-1			-1			*									*
21		6350	4		139		2		61		2		81		4		83		4		85		1		106		32		108		32		107		32		111		32		0			0       "WingCustom7"		-1			-1			*									*
22		6351	4		139		2		61		2		81		4		83		4		85		1		106		34		108		34		107		34		111		34		0			0       "WingCustom8"		-1			-1			*									*
23		6352	4		139		2		61		2		81		4		83		4		85		1		106		36		108		36		107		36		111		36		0			0       "WingCustom9"		-1			-1			*									*
24		6353	4		139		2		61		2		81		4		83		4		85		1		106		38		108		38		107		38		111		38		0			0       "WingCustom10"		-1			-1			*									*
25		6354	4		139		2		61		2		81		4		83		4		85		1		106		40		108		40		107		40		111		40		0			0       "WingCustom11"		-1			-1			*									*
26		6355	4		139		2		61		2		81		4		83		4		85		1		106		42		108		42		107		42		111		42		0			0       "WingCustom12"		-1			-1			*									*
27		6356	4		139		2		61		2		81		4		83		4		85		1		106		44		108		44		107		44		111		44		0			0       "WingCustom13"		-1			-1			*									*
28		6357	4		139		2		61		2		81		4		83		4		85		1		106		46		108		46		107		46		111		46		0			0       "WingCustom14"		-1			-1			*									*
29		6358	4		139		2		61		2		81		4		83		4		85		1		106		48		108		48		107		48		111		48		0			0       "WingCustom15"		-1			-1			*									*
30      6313    4       144     2       56      2       81      4       83      4       85      1       110     6       111     6       109     6       108     6       1           4		"ChristmasW6"		1			0			"GiftDcMakerckManto.tga"		"GiftDcMakerckFaixa.tga"
31      6315    4       144     2       56      2       81      4       83      4       85      1       110     6       111     6       109     6       108     6       1           4		"ChristmasW4"		0			1			"Wing228_0.tga"					*
end