//|================================================================|
//| CashShop Editor | GamesWteam                                   |
//| Credit: GamesWteam               [Whastapp:+55 62 9 9672-7496] |
//|================================================================|

//ID	Number	Value	Item	Level	Skill	Luck	Option	ExOpt	AncOp	JOH	Oexe	Socket1	Socket2	Socket3	Socket4	Socket5	Qtd	Duration	Comment
1000	1000	150	7240	0	0	0	0	0	0	0	0	255	255	255	255	255	0	604800	// Scroll of Quickness (7 Days)
1000	1001	230	7240	0	0	0	0	0	0	0	0	255	255	255	255	255	0	1296000	// Scroll of Quickness (15 Days)
1000	1002	340	7240	0	0	0	0	0	0	0	0	255	255	255	255	255	0	2592000	// Scroll of Quickness (30 Days)
1010	1010	150	7241	0	0	0	0	0	0	0	0	255	255	255	255	255	0	604800	// Scroll of Defense (7 Days)
1010	1011	230	7241	0	0	0	0	0	0	0	0	255	255	255	255	255	0	1296000	// Scroll of Defense (15 Days)
1010	1012	340	7241	0	0	0	0	0	0	0	0	255	255	255	255	255	0	2592000	// Scroll of Defense (30 Days)
1020	1020	150	7242	0	0	0	0	0	0	0	0	255	255	255	255	255	0	604800	// Scroll of Wrath (7 Days)
1020	1021	230	7242	0	0	0	0	0	0	0	0	255	255	255	255	255	0	1296000	// Scroll of Wrath (15 Days)
1020	1022	340	7242	0	0	0	0	0	0	0	0	255	255	255	255	255	0	2592000	// Scroll of Wrath (30 Days)
1030	1030	150	7243	0	0	0	0	0	0	0	0	255	255	255	255	255	0	604800	// Scroll of Wizardry (7 Days)
1030	1031	230	7243	0	0	0	0	0	0	0	0	255	255	255	255	255	0	1296000	// Scroll of Wizardry (15 Days)
1030	1032	340	7243	0	0	0	0	0	0	0	0	255	255	255	255	255	0	2592000	// Scroll of Wizardry (30 Days)
1040	1040	150	7244	0	0	0	0	0	0	0	0	255	255	255	255	255	0	604800	// Scroll of Health (7 Days)
1040	1041	230	7244	0	0	0	0	0	0	0	0	255	255	255	255	255	0	1296000	// Scroll of Health (15 Days)
1040	1042	340	7244	0	0	0	0	0	0	0	0	255	255	255	255	255	0	2592000	// Scroll of Health (30 Days)
1050	1050	50	7280	0	0	0	0	0	0	0	0	255	255	255	255	255	0	0	// Silver Key (1 UN)
1060	1060	250	7265	0	0	0	0	0	0	0	0	255	255	255	255	255	0	604800	// Scroll of Battle (7 Days)
1060	1061	400	7265	0	0	0	0	0	0	0	0	255	255	255	255	255	0	1296000	// Scroll of Battle (15 Days)
1060	1062	600	7265	0	0	0	0	0	0	0	0	255	255	255	255	255	0	2592000	// Scroll of Battle (30 Days)
1070	1070	150	7266	0	0	0	0	0	0	0	0	255	255	255	255	255	0	604800	// Scroll of Strength (7 Days)
1070	1071	230	7266	0	0	0	0	0	0	0	0	255	255	255	255	255	0	1296000	// Scroll of Strength (15 Days)
1070	1072	340	7266	0	0	0	0	0	0	0	0	255	255	255	255	255	0	2592000	// Scroll of Strength (30 Days)
1080	1080	100	6144	0	0	1	0	0	0	0	0	255	255	255	255	255	0	0	// Wings of Elf (1 UN)
1090	1090	100	6145	0	0	1	0	0	0	0	0	255	255	255	255	255	0	0	// Wings of Heaven (1 UN)
1100	1100	100	7281	0	0	0	0	0	0	0	0	255	255	255	255	255	0	0	// Gold Key (1 UN)
1120	1120	150	6760	0	0	0	0	0	0	0	0	255	255	255	255	255	0	604800	// Max AG Boost Aura (7 Days)
1120	1121	230	6760	0	0	0	0	0	0	0	0	255	255	255	255	255	0	1296000	// Max AG Boost Aura (15 Days)
1120	1122	340	6760	0	0	0	0	0	0	0	0	255	255	255	255	255	0	2592000	// Max AG Boost Aura (30 Days)
1130	1130	80	6285	0	0	0	0	0	0	0	0	255	255	255	255	255	0	0	// Bundled Jewel of Chaos
1140	1140	5000	6745	0	0	0	0	0	0	0	0	255	255	255	255	255	0	0	// Talisman of Wings of Soul
1150	1150	100	6146	0	0	1	0	0	0	0	0	255	255	255	255	255	0	0	// Wings of Satan (1 UN)
1160	1160	100	6185	0	0	1	0	0	0	0	0	255	255	255	255	255	0	0	// Wing of Curse (1 UN)
1170	1170	5000	6744	0	0	0	0	0	0	0	0	255	255	255	255	255	0	0	// Talisman of Wings of Dragon
1190	1190	250	7673	0	0	0	0	0	0	0	0	255	255	255	255	255	0	0	// Starter Pack Level 1 (1 UN)
1200	1200	650	7674	0	0	0	0	0	0	0	0	255	255	255	255	255	0	0	// Starter Pack Level 2 (1 UN)
1230	1230	30	6151	0	0	0	0	0	0	0	0	255	255	255	255	255	0	0	// Orb of Twisting Slash
1240	1240	30	6158	0	0	0	0	0	0	0	0	255	255	255	255	255	0	0	// Orb of Greater Fortitude (1 UN)
1250	1250	30	6163	0	0	0	0	0	0	0	0	255	255	255	255	255	0	0	// Orb of Death Stab (1 UN)
1260	1260	30	6156	0	0	0	0	0	0	0	0	255	255	255	255	255	0	0	// Orb of Rageful Blow (1 UN)
1270	1270	5000	6746	0	0	0	0	0	0	0	0	255	255	255	255	255	0	0	// Talisman of Wings of Spirits
1280	1280	200	6725	0	0	0	0	0	0	0	0	255	255	255	255	255	0	0	// Talisman of Resurrection
1290	1290	200	6726	0	0	0	0	0	0	0	0	255	255	255	255	255	0	0	// Talisman of Mobility
1300	1300	100	7244	0	0	0	0	0	0	0	0	255	255	255	255	255	0	86400	// Scroll of Health (1 Days)
1300	1301	700	7244	0	0	0	0	0	0	0	0	255	255	255	255	255	0	604800	// Scroll of Health (7 Days)
1300	1302	3100	7244	0	0	0	0	0	0	0	0	255	255	255	255	255	0	2678400	// Scroll of Health (31 Days)
1320	1320	100	7245	0	0	0	0	0	0	0	0	255	255	255	255	255	0	86400	// Scroll of Mana (1 Days)
1320	1321	600	7245	0	0	0	0	0	5	0	0	255	255	255	255	255	0	604800	// Scroll of Mana (7 Days)
1320	1322	3100	7245	0	0	0	0	0	0	0	0	255	255	255	255	255	0	2678400	// Scroll of Mana (31 Days)
1330	1330	100	7241	0	0	0	0	0	0	0	0	255	255	255	255	255	0	86400	// Scroll of Defense (1 Days)
1330	1331	600	7241	0	0	0	0	0	0	0	0	255	255	255	255	255	0	604800	// Scroll of Defense (7 Days)
1330	1332	3100	7241	0	0	0	0	0	0	0	0	255	255	255	255	255	0	2678400	// Scroll of Defense (31 Days)
1340	1340	100	7240	0	0	0	0	0	0	0	0	255	255	255	255	255	0	86400	// Scroll of Quickness (1 Days)
1340	1341	600	7240	0	0	0	0	0	0	0	0	255	255	255	255	255	0	604800	// Scroll of Quickness (7 Days)
1340	1342	3100	7240	0	0	0	0	0	0	0	0	255	255	255	255	255	0	2678400	// Scroll of Quickness (31 Days)
1350	1350	50	7330	0	0	0	0	0	0	0	0	255	255	255	255	255	0	0	// Magic Backpack (1 UN)
1360	1360	5000	6743	0	0	0	0	0	0	0	0	255	255	255	255	255	0	0	// Talisman of Cape of Lord
1370	1370	500	7180	0	0	0	0	0	0	0	0	255	255	255	255	255	0	0	// Zen Coin
1380	1380	10000	7590	0	0	0	0	0	0	0	0	255	255	255	255	255	0	0	// Fragment of Resurreccion
1390	1390	20000	7223	0	0	0	0	0	0	0	0	255	255	255	255	255	0	0	// Green Chaos Box
1400	1400	5000	6747	0	0	0	0	0	0	0	0	255	255	255	255	255	0	0	// Talisman of Wings of Despair
1410	1410	5000	6748	0	0	0	0	0	0	0	0	255	255	255	255	255	0	0	// Talisman of Wings of Darkness
1420	1420	5000	6801	0	0	0	0	0	0	0	0	255	255	255	255	255	0	0	// Talisman Cloak of Warrior
1430	1430	150	6761	0	0	0	0	0	0	0	0	255	255	255	255	255	0	604800	// Max SD Boost Aura (7 Days)
1430	1431	230	6761	0	0	0	0	0	0	0	0	255	255	255	255	255	0	1296000	// Max SD Boost Aura (15 Days)
1430	1432	340	6761	0	0	0	0	0	0	0	0	255	255	255	255	255	0	2592000	// Max SD Boost Aura (30 Days)
1440	1440	2000	6285	0	0	0	0	0	0	0	0	255	255	255	255	255	0	0	// Bundled Jewel of Chaos
1450	1450	2000	6174	0	0	0	0	0	0	0	0	255	255	255	255	255	0	0	// Bundled Jewel of Bless
1460	1460	100	7242	0	0	0	0	0	0	0	0	255	255	255	255	255	0	86400	// Scroll of Wrath (1 Days)
1460	1461	600	7242	0	0	0	0	0	0	0	0	255	255	255	255	255	0	604800	// Scroll of Wrath (7 Days)
1460	1462	3100	7242	0	0	0	0	0	0	0	0	255	255	255	255	255	0	2678400	// Scroll of Wrath (31 Days)
1470	1470	100	7243	0	0	0	0	0	0	0	0	255	255	255	255	255	0	86400	// Scroll of Wizardry (1 Days)
1470	1471	600	7243	0	0	0	0	0	0	0	0	255	255	255	255	255	0	604800	// Scroll of Wizardry (7 Days)
1470	1472	3100	7243	0	0	0	0	0	0	0	0	255	255	255	255	255	0	2678400	// Scroll of Wizardry (31 Days)
1480	1480	2000	6175	0	0	0	0	0	0	0	0	255	255	255	255	255	0	0	// Bundled Jewel of Soul
1490	1490	2000	6280	0	0	0	0	0	0	0	0	255	255	255	255	255	0	0	// Bundled Jewel of Life
1500	1500	2000	6281	0	0	0	0	0	0	0	0	255	255	255	255	255	0	0	// Bundled Jewel of Creation
1510	1510	500	6854	0	0	0	0	0	0	0	0	255	255	255	255	255	0	0	// Evolution Stone
1520	1520	300	6857	0	0	0	0	0	0	0	0	255	255	255	255	255	0	86400	// Dragon Knight (1 Days)
1520	1521	1400	6857	0	0	0	0	0	0	0	0	255	255	255	255	255	0	604800	// Dragon Knight (7 Days)
1520	1522	2500	6857	0	0	0	0	0	0	0	0	255	255	255	255	255	0	2678400	// Dragon Knight (31 Days)
1530	1530	300	6862	0	0	0	0	0	0	0	0	255	255	255	255	255	0	86400	// William (1 Days)
1530	1531	1400	6862	0	0	0	0	0	0	0	0	255	255	255	255	255	0	604800	// William (7 Days)
1530	1532	2500	6862	0	0	0	0	0	0	0	0	255	255	255	255	255	0	2678400	// William (31 Days)
1540	1540	300	6866	0	0	0	0	0	0	0	0	255	255	255	255	255	0	86400	// Wooparoo (1 Days)
1540	1541	1400	6866	0	0	0	0	0	0	0	0	255	255	255	255	255	0	604800	// Wooparoo (7 Days)
1540	1542	2500	6866	0	0	0	0	0	0	0	0	255	255	255	255	255	0	2678400	// Wooparoo (31 Days)
1550	1550	100	7265	0	0	0	0	0	0	0	0	255	255	255	255	255	0	86400	// Scroll of Battle (1 Days)
1550	1551	600	7265	0	0	0	0	0	0	0	0	255	255	255	255	255	0	604800	// Scroll of Battle (7 Days)
1550	1552	3100	7265	0	0	0	0	0	0	0	0	255	255	255	255	255	0	2678400	// Scroll of Battle (31 Days)
1560	1560	30	6188	0	0	0	0	0	0	0	0	255	255	255	255	255	0	0	// Crystal of Destruction (1 UN)
1570	1570	30	6152	0	0	0	0	0	0	0	0	255	255	255	255	255	0	0	// Healing Orb (1 UN)
1580	1580	30	6153	0	0	0	0	0	0	0	0	255	255	255	255	255	0	0	// Orb of Greater Defense (1 UN)
1590	1590	30	6154	0	0	0	0	0	0	0	0	255	255	255	255	255	0	0	// Orb of Greater Damage (1 UN)
1600	1600	30	6161	0	0	0	0	0	0	0	0	255	255	255	255	255	0	0	// Orb of Penetration (1 UN)
1610	1610	2000	6218	0	0	0	0	0	0	0	0	255	255	255	255	255	0	0	// Sphere (Penta)
1620	1620	50	7331	0	0	0	0	0	0	0	0	255	255	255	255	255	0	0	// Vault Expansion Certificate (1 UN)
1640	1640	4000	6285	1	0	0	0	0	0	0	0	255	255	255	255	255	0	0	// Bundled Jewel of Chaos
1650	1650	200	6745	0	0	0	0	0	0	0	0	255	255	255	255	255	0	0	// Talisman of Wings of Soul
1660	1660	200	6744	0	0	0	0	0	0	0	0	255	255	255	255	255	0	0	// Talisman of Wings of Dragon
1670	1670	200	6746	0	0	0	0	0	0	0	0	255	255	255	255	255	0	0	// Talisman of Wings of Spirits
1680	1680	3000	7669	0	0	0	0	0	0	0	0	255	255	255	255	255	0	0	// Earring Box
1690	1690	30	6162	0	0	0	0	0	0	0	0	255	255	255	255	255	0	0	// Orb of Ice Arrow (1 UN)
1700	1700	150	6736	0	0	0	0	0	0	0	0	255	255	255	255	255	0	604800	// Pet Panda (7 Days)
1700	1701	230	6736	0	0	0	0	0	0	0	0	255	255	255	255	255	0	1296000	// Pet Panda (15 Days)
1700	1702	340	6736	0	0	0	0	0	0	0	0	255	255	255	255	255	0	2592000	// Pet Panda (30 Days)
1710	1710	200	6747	0	0	0	0	0	0	0	0	255	255	255	255	255	0	0	// Talisman of Wings of Despair
1720	1720	200	6748	0	0	0	0	0	0	0	0	255	255	255	255	255	0	0	// Talisman of Wings of Darkness
1730	1730	200	6743	0	0	0	0	0	0	0	0	255	255	255	255	255	0	0	// Talisman of Cape of Lord
1740	1740	200	6801	0	0	0	0	0	0	0	0	255	255	255	255	255	0	0	// Talisman Cloak of Warrior
1750	1750	100	6762	0	0	0	0	0	0	0	0	255	255	255	255	255	0	86400	// Pet Unicorn (1 Days)
1750	1751	600	6762	0	0	0	0	0	0	0	0	255	255	255	255	255	0	604800	// Pet Unicorn (7 Days)
1750	1752	2600	6762	0	0	0	0	0	0	0	0	255	255	255	255	255	0	2678400	// Pet Unicorn (31 Days)
1760	1760	100	6736	0	0	0	0	0	0	0	0	255	255	255	255	255	0	86400	// Pet Panda (1 Days)
1760	1761	600	6736	0	0	0	0	0	0	0	0	255	255	255	255	255	0	604800	// Pet Panda (7 Days)
1760	1762	2600	6736	0	0	0	0	0	0	0	0	255	255	255	255	255	0	2678400	// Pet Panda (31 Days)
1770	1770	150	6699	0	0	0	0	0	0	0	0	255	255	255	255	255	0	604800	// Seal of Ascension (7 Days)
1770	1771	230	6699	0	0	0	0	0	0	0	0	255	255	255	255	255	0	1296000	// Seal of Ascension (15 Days)
1770	1772	340	6699	0	0	0	0	0	0	0	0	255	255	255	255	255	0	2592000	// Seal of Ascension (30 Days)
1780	1780	150	6700	0	0	0	0	0	0	0	0	255	255	255	255	255	0	604800	// Seal of Wealth (7 Days)
1780	1781	230	6700	0	0	0	0	0	0	0	0	255	255	255	255	255	0	1296000	// Seal of Wealth (15 Days)
1780	1782	340	6700	0	0	0	0	0	0	0	0	255	255	255	255	255	0	2592000	// Seal of Wealth (30 Days)
1790	1790	10000	7220	0	0	0	0	0	0	0	0	255	255	255	255	255	0	0	// GM Gift
1800	1800	50	7422	0	0	0	0	0	0	0	0	255	255	255	255	255	0	0	// Jewel Of Excelent Wings (1 UN)
1810	1810	50	7416	0	0	0	0	0	0	0	0	255	255	255	255	255	0	0	// Jewel Of Excelent
1820	1820	300	7192	1	0	0	0	0	0	0	0	255	255	255	255	255	0	0	// Dark Stone
1830	1830	100	7191	0	0	0	0	0	0	0	0	255	255	255	255	255	0	0	// Scroll of the Emperor
1840	1840	100	7192	0	0	0	0	0	0	0	0	255	255	255	255	255	0	0	// Broken Sword (1 UN)
1850	1850	200	6947	0	0	0	0	0	0	0	0	255	255	255	255	255	0	86400	// Elemental Elf (1 Days)
1850	1851	1200	6947	0	0	0	0	0	0	0	0	255	255	255	255	255	0	604800	// Elemental Elf (7 Days)
1860	1860	1000	6934	0	0	0	0	0	0	0	0	255	255	255	255	255	0	86400	// Dotto (1 Days)
1860	1861	2800	6934	0	0	0	0	0	0	0	0	255	255	255	255	255	0	259200	// Dotto (3 Days)
1860	1862	6000	6934	0	0	0	0	0	0	0	0	255	255	255	255	255	0	604800	// Dotto (7 Days)
1870	1870	10000	7223	0	0	0	0	0	0	0	0	255	255	255	255	255	0	0	// Green Chaos Box
1880	1880	1000	6935	0	0	0	0	0	0	0	0	255	255	255	255	255	0	86400	// Walker (1 Days)
1880	1881	2800	6935	0	0	0	0	0	0	0	0	255	255	255	255	255	0	259200	// Walker (3 Days)
1880	1882	6000	6935	0	0	0	0	0	0	0	0	255	255	255	255	255	0	604800	// Walker (7 Days)
1890	1890	500	7328	0	0	0	0	0	0	0	0	255	255	255	255	255	0	0	// Jewel of Extension
1900	1900	500	7329	0	0	0	0	0	0	0	0	255	255	255	255	255	0	0	// Jewel of Elevation
1910	1910	20	7175	0	0	0	0	0	0	0	0	255	255	255	255	255	255	0	// Siege Potion
1920	1920	30	6189	0	0	0	0	0	0	0	0	255	255	255	255	255	0	0	// Crystal of Multi-Shot (1 UN)
1930	1930	30	6190	0	0	0	0	0	0	0	0	255	255	255	255	255	0	0	// Crystal of Recovery (1 UN)
1940	1940	200000	7671	0	0	0	0	0	0	0	0	255	255	255	255	255	0	0	// Buffer Box Level 1
1950	1950	30	7684	0	0	0	0	0	0	0	0	255	255	255	255	255	0	0	// Scroll of Flame (1 UN)
1960	1960	100	7414	0	0	0	0	0	0	0	0	255	255	255	255	255	0	0	// Jewel Of Luck
1970	1970	30	7685	0	0	0	0	0	0	0	0	255	255	255	255	255	0	0	// Scroll of Teleport (1 UN)
1980	1980	50	7415	0	0	0	0	0	0	0	0	255	255	255	255	255	0	0	// Jewel Of Adicional
1990	1990	200	6147	0	0	1	0	0	0	0	0	255	255	255	255	255	0	0	// Wings of Spirits (1 UN)
2000	2000	200	6704	0	0	0	0	0	0	0	0	255	255	255	255	255	0	0	// Kalima Ticket
2010	2010	30	7688	0	0	0	0	0	0	0	0	255	255	255	255	255	0	0	// Scroll of Evil Spirit (1 UN)
2020	2020	30	7692	0	0	0	0	0	0	0	0	255	255	255	255	255	0	0	// Scroll of Cometfall (1 UN)
2030	2030	100	7421	0	0	0	0	0	0	0	0	255	255	255	255	255	0	0	// Jewel Of Level +10
2040	2040	30	7693	0	0	0	0	0	0	0	0	255	255	255	255	255	0	0	// Scroll of Inferno (1 UN)
2050	2050	50	7264	0	0	0	0	0	0	0	0	255	255	255	255	255	1	0	// Talisman of Chaos Assembly (1 UN)
2060	2060	150	6732	0	0	0	0	0	0	0	0	255	255	255	255	255	0	604800	// Panda Ring (7 Days)
2060	2061	230	6732	0	0	0	0	0	0	0	0	255	255	255	255	255	0	1296000	// Panda Ring (15 Days)
2060	2062	340	6732	0	0	0	0	0	0	0	0	255	255	255	255	255	0	2592000	// Panda Ring (30 Days)
2070	2070	30	7694	0	0	0	0	0	0	0	0	255	255	255	255	255	0	0	// Scroll of Teleport Ally (1 UN)
2080	2080	80	6174	0	0	0	0	0	0	0	0	255	255	255	255	255	0	0	// Bundled Jewel of Bless
2090	2090	80	6175	0	0	0	0	0	0	0	0	255	255	255	255	255	0	0	// Bundled Jewel of Soul
2100	2100	80	6280	0	0	0	0	0	0	0	0	255	255	255	255	255	0	0	// Bundled Jewel of Life
2110	2110	80	6281	0	0	0	0	0	0	0	0	255	255	255	255	255	0	0	// Bundled Jewel of Creation
2120	2120	160	6285	1	0	0	0	0	0	0	0	255	255	255	255	255	0	0	// Bundled Jewel of Chaos
2130	2130	160	6174	1	0	0	0	0	0	0	0	255	255	255	255	255	0	0	// Bundled Jewel of Bless
2140	2140	200	6939	0	0	0	0	0	0	0	0	255	255	255	255	255	0	86400	// Commander (Evolved) (1 Days)
2140	2141	1200	6939	0	0	0	0	0	0	0	0	255	255	255	255	255	0	604800	// Commander (Evolved) (7 Days)
2150	2150	200	6937	0	0	0	0	0	0	0	0	255	255	255	255	255	0	86400	// Kundun Mephis and Lemuria (1 Days)
2150	2151	1200	6937	0	0	0	0	0	0	0	0	255	255	255	255	255	0	604800	// Kundun Mephis and Lemuria (7 Days)
2160	2160	200	6858	0	0	0	0	0	0	0	0	255	255	255	255	255	0	86400	// Dark Wizard (1 Days)
2160	2161	1200	6858	0	0	0	0	0	0	0	0	255	255	255	255	255	0	604800	// Dark Wizard (7 Days)
2170	2170	300	6868	0	0	0	0	0	0	0	0	255	255	255	255	255	0	86400	// Chiron (1 Days)
2170	2171	1400	6868	0	0	0	0	0	0	0	0	255	255	255	255	255	0	604800	// Chiron (7 Days)
2170	2172	2500	6868	0	0	0	0	0	0	0	0	255	255	255	255	255	0	2678400	// Chiron (31 Days)
2180	2180	300	6870	0	0	0	0	0	0	0	0	255	255	255	255	255	0	86400	// Desmodus (1 Days)
2180	2181	1400	6870	0	0	0	0	0	0	0	0	255	255	255	255	255	0	604800	// Desmodus (7 Days)
2180	2182	2500	6870	0	0	0	0	0	0	0	0	255	255	255	255	255	0	2678400	// Desmodus (31 Days)
2190	2190	300	6880	0	0	0	0	0	0	0	0	255	255	255	255	255	0	86400	// Repen (1 Days)
2190	2191	1400	6880	0	0	0	0	0	0	0	0	255	255	255	255	255	0	604800	// Repen (7 Days)
2190	2192	2500	6880	0	0	0	0	0	0	0	0	255	255	255	255	255	0	2678400	// Repen (31 Days)
2200	2200	300	6884	0	0	0	0	0	0	0	0	255	255	255	255	255	0	86400	// Balrog (1 Days)
2200	2201	1400	6884	0	0	0	0	0	0	0	0	255	255	255	255	255	0	604800	// Balrog (7 Days)
2200	2202	2500	6884	0	0	0	0	0	0	0	0	255	255	255	255	255	0	2678400	// Balrog (31 Days)
2210	2210	300	6905	0	0	0	0	0	0	0	0	255	255	255	255	255	0	86400	// Skull (1 Days)
2210	2211	1400	6905	0	0	0	0	0	0	0	0	255	255	255	255	255	0	604800	// Skull (7 Days)
2210	2212	2500	6905	0	0	0	0	0	0	0	0	255	255	255	255	255	0	2678400	// Skull (31 Days)
2220	2220	300	6907	0	0	0	0	0	0	0	0	255	255	255	255	255	0	86400	// Witch (1 Days)
2220	2221	1400	6907	0	0	0	0	0	0	0	0	255	255	255	255	255	0	604800	// Witch (7 Days)
2220	2222	2500	6907	0	0	0	0	0	0	0	0	255	255	255	255	255	0	2678400	// Witch (31 Days)
2230	2230	300	6909	0	0	0	0	0	0	0	0	255	255	255	255	255	0	86400	// Pumpkin (1 Days)
2230	2231	1400	6909	0	0	0	0	0	0	0	0	255	255	255	255	255	0	604800	// Pumpkin (7 Days)
2230	2232	2500	6909	0	0	0	0	0	0	0	0	255	255	255	255	255	0	2678400	// Pumpkin (31 Days)
2240	2240	300	6913	0	0	0	0	0	0	0	0	255	255	255	255	255	0	86400	// Ghost (1 Days)
2240	2241	1400	6913	0	0	0	0	0	0	0	0	255	255	255	255	255	0	604800	// Ghost (7 Days)
2240	2242	2500	6913	0	0	0	0	0	0	0	0	255	255	255	255	255	0	2678400	// Ghost (31 Days)
2250	2250	300	6915	0	0	0	0	0	0	0	0	255	255	255	255	255	0	86400	// Mummified Boy (1 Days)
2250	2251	1400	6915	0	0	0	0	0	0	0	0	255	255	255	255	255	0	604800	// Mummified Boy (7 Days)
2250	2252	2500	6915	0	0	0	0	0	0	0	0	255	255	255	255	255	0	2678400	// Mummified Boy (31 Days)
2260	2260	300	6919	0	0	0	0	0	0	0	0	255	255	255	255	255	0	86400	// Present (1 Days)
2260	2261	1400	6919	0	0	0	0	0	0	0	0	255	255	255	255	255	0	604800	// Present (7 Days)
2260	2262	2500	6919	0	0	0	0	0	0	0	0	255	255	255	255	255	0	2678400	// Present (31 Days)
2270	2270	300	6923	0	0	0	0	0	0	0	0	255	255	255	255	255	0	86400	// Gigantes (1 Days)
2270	2271	1400	6923	0	0	0	0	0	0	0	0	255	255	255	255	255	0	604800	// Gigantes (7 Days)
2270	2272	2500	6923	0	0	0	0	0	0	0	0	255	255	255	255	255	0	2678400	// Gigantes (31 Days)
2280	2280	300	6925	0	0	0	0	0	0	0	0	255	255	255	255	255	0	86400	// Christmas Tree (1 Days)
2280	2281	1400	6925	0	0	0	0	0	0	0	0	255	255	255	255	255	0	604800	// Christmas Tree (7 Days)
2280	2282	2500	6925	0	0	0	0	0	0	0	0	255	255	255	255	255	0	2678400	// Christmas Tree (31 Days)
2290	2290	300	6929	0	0	0	0	0	0	0	0	255	255	255	255	255	0	86400	// Snow Fairy (1 Days)
2290	2291	1400	6929	0	0	0	0	0	0	0	0	255	255	255	255	255	0	604800	// Snow Fairy (7 Days)
2290	2292	2500	6929	0	0	0	0	0	0	0	0	255	255	255	255	255	0	2678400	// Snow Fairy (31 Days)
2300	2300	300	6938	0	0	0	0	0	0	0	0	255	255	255	255	255	0	86400	// Commander (1 Days)
2300	2301	1400	6938	0	0	0	0	0	0	0	0	255	255	255	255	255	0	604800	// Commander (7 Days)
2300	2302	2500	6938	0	0	0	0	0	0	0	0	255	255	255	255	255	0	2678400	// Commander (31 Days)
2310	2310	300	6940	0	0	0	0	0	0	0	0	255	255	255	255	255	0	86400	// Lance Soldier (1 Days)
2310	2311	1400	6940	0	0	0	0	0	0	0	0	255	255	255	255	255	0	604800	// Lance Soldier (7 Days)
2310	2312	2500	6940	0	0	0	0	0	0	0	0	255	255	255	255	255	0	2678400	// Lance Soldier (31 Days)
2320	2320	300	6942	0	0	0	0	0	0	0	0	255	255	255	255	255	0	86400	// Bow Soldier (1 Days)
2320	2321	1400	6942	0	0	0	0	0	0	0	0	255	255	255	255	255	0	604800	// Bow Soldier (7 Days)
2320	2322	2500	6942	0	0	0	0	0	0	0	0	255	255	255	255	255	0	2678400	// Bow Soldier (31 Days)
2330	2330	200	6859	0	0	0	0	0	0	0	0	255	255	255	255	255	0	86400	// Fairy Elf (1 Days)
2330	2331	1200	6859	0	0	0	0	0	0	0	0	255	255	255	255	255	0	604800	// Fairy Elf (7 Days)
2340	2340	200	6916	0	0	0	0	0	0	0	0	255	255	255	255	255	0	86400	// Mummified Boy (Evolved) (1 Days)
2340	2341	1200	6916	0	0	0	0	0	0	0	0	255	255	255	255	255	0	604800	// Mummified Boy (Evolved) (7 Days)
2350	2350	200	6871	0	0	0	0	0	0	0	0	255	255	255	255	255	0	86400	// Desmodus (Evolved) (1 Days)
2350	2351	1200	6871	0	0	0	0	0	0	0	0	255	255	255	255	255	0	604800	// Desmodus (Evolved) (7 Days)
2360	2360	100	7413	0	0	0	0	0	0	0	0	255	255	255	255	255	0	0	// Jewel Of Adicional
2370	2370	200	6857	0	0	0	0	0	0	0	0	255	255	255	255	255	0	86400	// Dragon Knight (1 Days)
2370	2371	1200	6857	0	0	0	0	0	0	0	0	255	255	255	255	255	0	604800	// Dragon Knight (7 Days)
2380	2380	100	7437	0	0	0	0	0	0	0	0	255	255	255	255	255	0	0	// Jewel Of Level +14 (1 UN)
2390	2390	30	7695	0	0	0	0	0	0	0	0	255	255	255	255	255	0	0	// Scroll of Soul Barrier (1 UN)
2400	2400	100	7193	0	0	0	0	0	0	0	0	255	255	255	255	255	0	0	// Tear of Elf (1 UN)
2410	2410	100	7236	0	0	0	0	0	0	0	0	255	255	255	255	255	0	0	// Abyssal Eye (1 UN)
2420	2420	100	7194	0	0	0	0	0	0	0	0	255	255	255	255	255	0	0	// Soul Shard of Wizard (1 UN)
2430	2430	300	7233	0	0	0	0	0	0	0	0	255	255	255	255	255	0	0	// Death-beam Knight Flame (1 UN)
2440	2440	300	7234	0	0	0	0	0	0	0	0	255	255	255	255	255	0	0	// Hell-Miner Horn (1 UN)
2450	2450	300	7235	0	0	0	0	0	0	0	0	255	255	255	255	255	0	0	// Dark Phoenix Feather (1 UN)
2460	2460	300	7191	1	0	0	0	0	0	0	0	255	255	255	255	255	0	0	// Ring of Honor
2470	2470	500	7330	1	0	0	0	0	0	0	0	255	255	255	255	255	0	0	// Magic Backpack
2480	2480	500	7331	1	0	0	0	0	0	0	0	255	255	255	255	255	0	0	// Vault Expansion Certificate (1 UN)
2490	2490	100000	7591	0	0	0	0	0	0	0	0	255	255	255	255	255	0	0	// Seal of the Phantasmal Shield
2500	2500	500	7328	0	0	0	0	0	0	0	0	255	255	255	255	255	0	0	// Jewel of Extension
2510	2510	500	7329	0	0	0	0	0	0	0	0	255	255	255	255	255	0	0	// Jewel of Elevation
2520	2520	30	7696	0	0	0	0	0	0	0	0	255	255	255	255	255	0	0	// Scroll of Decay (1 UN)
2530	2530	200000	7671	0	0	0	0	0	0	0	0	255	255	255	255	255	0	0	// Buffer Box Level
2540	2540	30	7697	0	0	0	0	0	0	0	0	255	255	255	255	255	0	0	// Scroll of Ice Storm (1 UN)
2550	2550	20	7175	1	0	0	0	0	0	0	0	255	255	255	255	255	255	0	// Siege Potion
2560	2560	5000	7220	0	0	0	0	0	0	0	0	255	255	255	255	255	0	0	// GM Gift
2570	2570	30	7708	0	0	0	0	0	0	0	0	255	255	255	255	255	0	0	// Scroll of Wizardry Enhance (1 UN)
2580	2580	20	7221	0	0	0	0	0	0	0	0	255	255	255	255	255	1	0	// Talisman of Luck (1 UN)
2590	2590	20	6726	0	0	0	0	0	0	0	0	255	255	255	255	255	0	0	// Talisman of Mobility
2600	2600	20	6725	0	0	0	0	0	0	0	0	255	255	255	255	255	0	0	// Talisman of Resurrection
2610	2610	4000	6174	1	0	0	0	0	0	0	0	255	255	255	255	255	0	0	// Bundled Jewel of Bless
2620	2620	4000	6175	1	0	0	0	0	0	0	0	255	255	255	255	255	0	0	// Bundled Jewel of Soul
2630	2630	4000	6280	1	0	0	0	0	0	0	0	255	255	255	255	255	0	0	// Bundled Jewel of Life
2640	2640	4000	6281	1	0	0	0	0	0	0	0	255	255	255	255	255	0	0	// Bundled Jewel of Creation
2650	2650	6000	6285	2	0	0	0	0	0	0	0	255	255	255	255	255	0	0	// Bundled Jewel of Chaos
2660	2660	500	6424	0	0	1	0	0	0	0	0	255	255	255	255	255	0	0	// Cloak of Death (1 UN)
2670	2670	30	6160	0	0	0	0	0	0	0	0	255	255	255	255	255	0	0	// Orb of Fire Slash (1 UN)
2680	2680	30	6191	0	0	0	0	0	0	0	0	255	255	255	255	255	0	0	// Crystal of Flame Strike (1 UN)
2690	2690	30	7709	0	0	0	0	0	0	0	0	255	255	255	255	255	0	0	// Scroll of Gigantic Storm (1 UN)
2700	2700	100	6720	0	0	0	0	0	0	0	0	255	255	255	255	255	0	86400	// Demon (1 Days)
2700	2701	600	6720	0	0	0	0	0	0	0	0	255	255	255	255	255	0	604800	// Demon (7 Days)
2710	2710	30	6165	0	0	0	0	0	0	0	0	255	255	255	255	255	0	0	// Scroll of FireBurst (1 UN)
2720	2720	30	6166	0	0	0	0	0	0	0	0	255	255	255	255	255	0	0	// Scroll of Summon (1 UN)
2730	2730	30	6167	0	0	0	0	0	0	0	0	255	255	255	255	255	0	0	// Scroll of Critical Damage (1 UN)
2740	2740	30	6168	0	0	0	0	0	0	0	0	255	255	255	255	255	0	0	// Scroll of Electric Spark (1 UN)
2750	2750	3000	7225	0	0	0	0	0	0	0	0	255	255	255	255	255	0	0	// Purple Chaos Box (1 UN)
2760	2760	3000	6176	0	0	0	0	0	0	0	0	255	255	255	255	255	0	0	// Box of Red Ribbon
2770	2770	30	6179	0	0	0	0	0	0	0	0	255	255	255	255	255	0	0	// Scroll of Fire Scream (1 UN)
2780	2780	200	6717	0	0	0	0	0	0	0	0	255	255	255	255	255	0	0	// Illusion Temple Ticket
2790	2790	30	6192	0	0	0	0	0	0	0	0	255	255	255	255	255	0	0	// Scroll of Chaotic Diseier (1 UN)
2800	2800	25000	3636	0	0	1	0	0	0	0	0	254	254	254	254	254	0	0	// Hades Helm (1 UN)
2810	2810	25000	4148	0	0	1	0	0	0	0	0	254	254	254	254	254	0	0	// Hades Armor (1 UN)
2820	2820	25000	4660	0	0	1	0	0	0	0	0	254	254	254	254	254	0	0	// Hades Pants
2830	2830	25000	5172	0	0	1	0	0	0	0	0	254	254	254	254	254	0	0	// Hades Gloves
2840	2840	25000	5684	0	0	1	0	0	0	0	0	254	254	254	254	254	0	0	// Hades Boots
2850	2850	25000	3630	0	0	1	0	0	0	0	0	254	254	254	254	254	0	0	// Brave Helm (1 UN)
2860	2860	25000	4142	0	0	1	0	0	0	0	0	254	254	254	254	254	0	0	// Brave Armor (1 UN)
2870	2870	25000	4654	0	0	1	0	0	0	0	0	254	254	254	254	254	0	0	// Brave Pants (1 UN)
2880	2880	25000	5166	0	0	1	0	0	0	0	0	254	254	254	254	254	0	0	// Brave Gloves (1 UN)
2890	2890	25000	5678	0	0	1	0	0	0	0	0	254	254	254	254	254	0	0	// Brave Boots (1 UN)
2900	2900	25000	3633	0	0	1	0	0	0	0	0	254	254	254	254	254	0	0	// Seraphim Helm (1 UN)
2910	2910	25000	4145	0	0	1	0	0	0	0	0	254	254	254	254	254	0	0	// Seraphim Armor (1 UN)
2920	2920	25000	4657	0	0	1	0	0	0	0	0	254	254	254	254	254	0	0	// Seraphim Pants (1 UN)
2930	2930	25000	5169	0	0	1	0	0	0	0	0	254	254	254	254	254	0	0	// Seraphim Gloves (1 UN)
2940	2940	25000	5681	0	0	1	0	0	0	0	0	254	254	254	254	254	0	0	// Seraphim Boots (1 UN)
2950	2950	25000	3635	0	0	1	0	0	0	0	0	254	254	254	254	254	0	0	// Royal Mask (1 UN)
2960	2960	25000	4147	0	0	1	0	0	0	0	0	254	254	254	254	254	0	0	// Royal Armor (1 UN)
2970	2970	25000	4659	0	0	1	0	0	0	0	0	254	254	254	254	254	0	0	// Royal Pants (1 UN)
2980	2980	25000	5171	0	0	1	0	0	0	0	0	254	254	254	254	254	0	0	// Royal Gloves (1 UN)
2990	2990	25000	5683	0	0	1	0	0	0	0	0	254	254	254	254	254	0	0	// Royal Boots (1 UN)
3000	3000	25000	3628	0	0	1	0	0	0	0	0	254	254	254	254	254	0	0	// Lilium Helm (1 UN)
3010	3010	25000	4140	0	0	1	0	0	0	0	0	254	254	254	254	254	0	0	// Lilium Armor (1 UN)
3020	3020	25000	4652	0	0	1	0	0	0	0	0	254	254	254	254	254	0	0	// Lilium Pants (1 UN)
3030	3030	25000	5164	0	0	1	0	0	0	0	0	254	254	254	254	254	0	0	// Lilium Gloves (1 UN)
3040	3040	25000	5676	0	0	1	0	0	0	0	0	254	254	254	254	254	0	0	// Lilium Boots (1 UN)
3050	3050	25000	4144	0	0	1	0	0	0	0	0	254	254	254	254	254	0	0	// Destroy Armor (1 UN)
3060	3060	25000	4656	0	0	1	0	0	0	0	0	254	254	254	254	254	0	0	// Destroy Pants (1 UN)
3070	3070	25000	5168	0	0	1	0	0	0	0	0	254	254	254	254	254	0	0	// Destroy Gloves (1 UN)
3080	3080	25000	5680	0	0	1	0	0	0	0	0	254	254	254	254	254	0	0	// Destroy Boots (1 UN)
3090	3090	25000	3750	0	0	1	0	0	0	0	0	254	254	254	254	254	0	0	// Tigris Helm (1 UN)
3100	3100	25000	4774	0	0	1	0	0	0	0	0	254	254	254	254	254	0	0	// Tigris Pants (1 UN)
3110	3110	25000	4262	0	0	1	0	0	0	0	0	255	255	255	255	255	0	0	// Tigris Armor (1 UN)
3120	3120	25000	5798	0	0	1	0	0	0	0	0	254	254	254	254	254	0	0	// Tigris Boots (1 UN)
3130	3130	25000	27	0	1	1	0	0	0	0	0	254	254	254	254	254	0	0	// Sword Breaker
3140	3140	25000	1041	0	0	1	0	0	0	0	0	254	254	254	254	254	0	0	// Absolute Scepter (1 UN)
3150	3150	25000	107	0	1	1	0	0	0	0	0	254	254	254	254	254	0	0	// Pantera Claws (1 UN)
3160	3160	25000	2074	0	1	1	0	0	0	0	0	254	254	254	254	254	0	0	// Devil Crossbow (1 UN)
3170	3170	25000	2073	0	1	1	0	0	0	0	0	254	254	254	254	254	0	0	// Angelic Bow (1 UN)
3180	3180	25000	30	0	1	1	0	0	0	0	0	254	254	254	254	254	0	0	// Asura (1 UN)
3190	3190	25000	2580	0	1	1	0	0	0	0	0	254	254	254	254	254	0	0	// Lilium Staff (1 UN)
3200	3200	100	7434	0	0	0	0	0	0	0	0	255	255	255	255	255	0	0	// Jewel Of Level +11
3210	3210	30	7699	0	0	0	0	0	0	0	0	255	255	255	255	255	0	0	// Chain Lightning Parchment (1 UN)
3220	3220	30	7700	0	0	0	0	0	0	0	0	255	255	255	255	255	0	0	// Drain Life Parchment (1 UN)
3230	3230	30	7701	0	0	0	0	0	0	0	0	255	255	255	255	255	0	0	// Lightning Shock Parchment (1 UN)
3240	3240	30	7702	0	0	0	0	0	0	0	0	255	255	255	255	255	0	0	// Damage Reflection Parchment (1 UN)
3250	3250	6000	6280	2	0	0	0	0	0	0	0	255	255	255	255	255	0	0	// Bundled Jewel of Life (1 UN)
3260	3260	6000	6174	2	0	0	0	0	0	0	0	255	255	255	255	255	0	0	// Bundled Jewel of Bless
3270	3270	6000	6175	2	0	0	0	0	0	0	0	255	255	255	255	255	0	0	// Bundled Jewel of Soul
3280	3280	160	6175	1	0	0	0	0	0	0	0	255	255	255	255	255	0	0	// Bundled Jewel of Soul
3290	3290	160	6280	1	0	0	0	0	0	0	0	255	255	255	255	255	0	0	// Bundled Jewel of Life
3300	3300	160	6281	1	0	0	0	0	0	0	0	255	255	255	255	255	0	0	// Bundled Jewel of Creation
3310	3310	240	6285	1	0	0	0	0	0	0	0	255	255	255	255	255	0	0	// Bundled Jewel of Chaos
3320	3320	240	6174	2	0	0	0	0	0	0	0	255	255	255	255	255	0	0	// Bundled Jewel of Bless
3330	3330	240	6175	2	0	0	0	0	0	0	0	255	255	255	255	255	0	0	// Bundled Jewel of Soul
3340	3340	240	6280	2	0	0	0	0	0	0	0	255	255	255	255	255	0	0	// Bundled Jewel of Life
3350	3350	240	6281	2	0	0	0	0	0	0	0	255	255	255	255	255	0	0	// Bundled Jewel of Creation
3360	3360	100	7266	0	0	0	0	0	0	0	0	255	255	255	255	255	0	86400	// Scroll of Strength (1 Days)
3360	3361	600	7266	0	0	0	0	0	0	0	0	255	255	255	255	255	0	604800	// Scroll of Strength (7 Days)
3360	3362	3100	7266	0	0	0	0	0	0	0	0	255	255	255	255	255	0	2678400	// Scroll of Strength (31 Days)
3370	3370	30	7703	0	0	0	0	0	0	0	0	255	255	255	255	255	0	0	// Berserker Parchment (1 UN)
3380	3380	200	6703	0	0	0	0	0	0	0	0	255	255	255	255	255	0	0	// Blood Castle Ticket
3390	3390	200	6702	0	0	0	0	0	0	0	0	255	255	255	255	255	0	0	// Devil Square Ticket
3400	3400	200	6781	0	0	0	0	0	0	0	0	255	255	255	255	255	0	0	// Open Access Ticket to Doppelga (1 UN)
3410	3410	200	6782	0	0	0	0	0	0	0	0	255	255	255	255	255	0	0	// Open Access Ticket to Varka (1 UN)
3420	3420	200	6148	0	0	1	0	0	0	0	0	255	255	255	255	255	0	0	// Wings of Soul (1 UN)
3430	3430	500	6425	0	0	1	0	0	0	0	0	255	255	255	255	255	0	0	// Wings of Chaos (1 UN)
3440	3440	150	6718	0	0	0	0	0	0	0	0	255	255	255	255	255	0	604800	// Seal of Healing (7 Days)
3440	3441	230	6718	0	0	0	0	0	0	0	0	255	255	255	255	255	0	1296000	// Seal of Healing (15 Days)
3440	3442	340	6718	0	0	0	0	0	0	0	0	255	255	255	255	255	0	2592000	// Seal of Healing (30 Days)
3450	3450	200	6783	0	0	0	0	0	0	0	0	255	255	255	255	255	0	0	// Open Access Ticket to Varka Ma (1 UN)
3460	3460	150	6759	0	0	0	0	0	0	0	0	255	255	255	255	255	0	604800	// Party EXP Scroll (7 Days)
3460	3461	230	6759	0	0	0	0	0	0	0	0	255	255	255	255	255	0	1296000	// Party EXP Scroll (15 Days)
3460	3462	340	6759	0	0	0	0	0	0	0	0	255	255	255	255	255	0	2592000	// Party EXP Scroll (30 Days)
3470	3470	5000	7224	0	0	0	0	0	0	0	0	255	255	255	255	255	0	0	// Red Chaos Box
3480	3480	100	7280	0	0	0	0	0	0	0	0	255	255	255	255	255	0	0	// Silver Key (1 UN)
3490	3490	200	7281	0	0	0	0	0	0	0	0	255	255	255	255	255	0	0	// Gold Key (1 UN)
3500	3500	500	7441	0	0	0	0	0	0	0	0	255	255	255	255	255	0	0	// Socket Upgrade(Lv3) (1 UN)
3510	3510	10000	7224	0	0	0	0	0	0	0	0	255	255	255	255	255	0	0	// Red Chaos Box (1 UN)
3520	3520	3000	7225	0	0	0	0	0	0	0	0	255	255	255	255	255	0	0	// Purple Chaos Box (1 UN)
3540	3540	5000	6176	0	0	0	0	0	0	0	0	255	255	255	255	255	0	0	// Box of Red Ribbon (1 UN)
3550	3550	30	7704	0	0	0	0	0	0	0	0	255	255	255	255	255	0	0	// Sleep Parchment (1 UN)
3560	3560	30	7706	0	0	0	0	0	0	0	0	255	255	255	255	255	0	0	// Weakness Parchment (1 UN)
3570	3570	30	7707	0	0	0	0	0	0	0	0	255	255	255	255	255	0	0	// Innovation Parchment (1 UN)
3580	3580	30	7710	0	0	0	0	0	0	0	0	255	255	255	255	255	0	0	// Chain Driver Parchment (1 UN)
3590	3590	30	7711	0	0	0	0	0	0	0	0	255	255	255	255	255	0	0	// Dark Side Parchment (1 UN)
3600	3600	30	7712	0	0	0	0	0	0	0	0	255	255	255	255	255	0	0	// Dragon Lore Parchment (1 UN)
3610	3610	30	7713	0	0	0	0	0	0	0	0	255	255	255	255	255	0	0	// Dragon Slayer Parchment (1 UN)
3620	3620	30	7714	0	0	0	0	0	0	0	0	255	255	255	255	255	0	0	// Red Armor Ignore Parchment (1 UN)
3630	3630	30	7715	0	0	0	0	0	0	0	0	255	255	255	255	255	0	0	// Fitness Parchment (1 UN)
3640	3640	30	7716	0	0	0	0	0	0	0	0	255	255	255	255	255	0	0	// Defense Rate Parchment (1 UN)
3650	3650	500	6660	0	0	0	0	0	0	0	0	255	255	255	255	255	0	0	// Dark Horse (1 UN)
3660	3660	500	6661	0	0	0	0	0	0	0	0	255	255	255	255	255	0	0	// Dark Raven (1 UN)
3680	3680	100	6718	0	0	0	0	0	0	0	0	255	255	255	255	255	0	86400	// Seal of Healing (1 Days)
3680	3681	600	6718	0	0	0	0	0	0	0	0	255	255	255	255	255	0	604800	// Seal of Healing (7 Days)
3680	3682	2600	6718	0	0	0	0	0	0	0	0	255	255	255	255	255	0	2678400	// Seal of Healing (31 Days)
3690	3690	50	6759	0	0	0	0	0	0	0	0	255	255	255	255	255	0	86400	// Party EXP Scroll (1 Days)
3690	3691	300	6759	0	0	0	0	0	0	0	0	255	255	255	255	255	0	604800	// Party EXP Scroll (7 Days)
3690	3692	1300	6759	0	0	0	0	0	0	0	0	255	255	255	255	255	0	2678400	// Party EXP Scroll (31 Days)
3700	3700	100	7264	0	0	0	0	0	0	0	0	255	255	255	255	255	1	0	// Talisman of Chaos Assembly (1 UN)
3710	3710	40	7221	0	0	0	0	0	0	0	0	255	255	255	255	255	1	0	// Talisman of Luck (1 UN)
3720	3720	40	6726	0	0	0	0	0	0	0	0	255	255	255	255	255	0	0	// Talisman of Mobility
3730	3730	40	6725	0	0	0	0	0	0	0	0	255	255	255	255	255	0	0	// Talisman of Resurrection
3740	3740	200	6745	0	0	0	0	0	0	0	0	255	255	255	255	255	0	0	// Talisman of Wings of Soul
3750	3750	200	6744	0	0	0	0	0	0	0	0	255	255	255	255	255	0	0	// Talisman of Wings of Dragon
3760	3760	200	6746	0	0	0	0	0	0	0	0	255	255	255	255	255	0	0	// Talisman of Wings of Spirits
3770	3770	200	6746	0	0	0	0	0	0	0	0	255	255	255	255	255	0	0	// Talisman of Wings of Spirits
3780	3780	200	6743	0	0	0	0	0	0	0	0	255	255	255	255	255	0	0	// Talisman of Cape of Lord
3790	3790	200	6747	0	0	0	0	0	0	0	0	255	255	255	255	255	0	0	// Talisman of Wings of Despair
3800	3800	200	6748	0	0	0	0	0	0	0	0	255	255	255	255	255	0	0	// Talisman of Wings of Darkness
3810	3810	200	6801	0	0	0	0	0	0	0	0	255	255	255	255	255	0	0	// Talisman Cloak of Warrior
3820	3820	50	6703	0	0	0	0	0	0	0	0	255	255	255	255	255	0	0	// Blood Castle Ticket
3830	3830	50	6702	0	0	0	0	0	0	0	0	255	255	255	255	255	0	0	// Devil Square Ticket
3840	3840	50	6781	0	0	0	0	0	0	0	0	255	255	255	255	255	0	0	// Open Access Ticket to Doppelga (1 UN)
3850	3850	50	6782	0	0	0	0	0	0	0	0	255	255	255	255	255	0	0	// Open Access Ticket to Varka (1 UN)
3860	3860	50	6783	0	0	0	0	0	0	0	0	255	255	255	255	255	0	0	// Open Access Ticket to Varka Ma (1 UN)
3870	3870	50	6704	0	0	0	0	0	0	0	0	255	255	255	255	255	0	0	// Kalima Ticket
3880	3880	200	6149	0	0	1	0	0	0	0	0	255	255	255	255	255	0	0	// Wings of Dragon (1 UN)
3890	3890	200	6150	0	0	1	0	0	0	0	0	255	255	255	255	255	0	0	// Wings of Darkness (1 UN)
3900	3900	200	6186	0	0	1	0	0	0	0	0	255	255	255	255	255	0	0	// Wind of Despair (1 UN)
3910	3910	200	6193	0	0	1	0	0	0	0	0	255	255	255	255	255	0	0	// Warrior's Cloak (1 UN)
3920	3920	200	6686	0	0	1	0	0	0	0	0	255	255	255	255	255	0	0	// Cape of Lord (1 UN)
3930	3930	100	7435	0	0	0	0	0	0	0	0	255	255	255	255	255	0	0	// Jewel Of Level +12 (1 UN)
3940	3940	100	7436	0	0	0	0	0	0	0	0	255	255	255	255	255	0	0	// Jewel Of Level +13 (1 UN)
3950	3950	200000	7592	0	0	0	0	0	0	0	0	255	255	255	255	255	0	0	// Seal of Ice Dragon (1 UN)
3960	3960	100	7438	0	0	0	0	0	0	0	0	255	255	255	255	255	0	0	// Jewel Of Level +15 (1 UN)
3970	3970	500	7439	0	0	0	0	0	0	0	0	255	255	255	255	255	0	0	// Jewel Of Level MAX (1 UN)
3980	3980	500	6426	0	0	1	0	0	0	0	0	255	255	255	255	255	0	0	// Wings of Magic (1 UN)
3990	3990	500	6427	0	0	1	0	0	0	0	0	255	255	255	255	255	0	0	// Wings of Life (1 UN)
4000	4000	400000	7598	0	0	0	0	0	0	0	0	255	255	255	255	255	0	0	// Seal of Shining Tail (1 UN)
4020	4020	1000	6181	0	0	1	0	0	0	0	0	255	255	255	255	255	0	0	// Wing of Eternal (1 UN)
4030	4030	1000	6180	0	0	1	0	0	0	0	0	255	255	255	255	255	0	0	// Wing of Storm (1 UN)
4040	4040	1000	6182	0	0	1	0	0	0	0	0	255	255	255	255	255	0	0	// Wing of Illusion (1 UN)
4050	4050	1000	6183	0	0	1	0	0	0	0	0	255	255	255	255	255	0	0	// Wing of Ruin (1 UN)
4060	4060	1000	6184	0	0	1	0	0	0	0	0	255	255	255	255	255	0	0	// Emperor's Cape (1 UN)
4070	4070	1000	6187	0	0	1	0	0	0	0	0	255	255	255	255	255	0	0	// Wing of Dimension (1 UN)
4080	4080	1000	6194	0	0	1	0	0	0	0	0	255	255	255	255	255	0	0	// Reigning Cloak (1 UN)
4090	4090	25000	7670	0	0	0	0	0	0	0	0	255	255	255	255	255	0	0	// Pentagram Box (1 UN)
4100	4100	300000	7593	0	0	0	0	0	0	0	0	255	255	255	255	255	0	0	// Seal of Pierce Ryan (1 UN)
4110	4110	100	7417	0	0	0	0	0	0	0	0	255	255	255	255	255	0	0	// Jewel Of Socket
4120	4120	2000	6434	0	0	1	0	0	0	0	0	255	255	255	255	255	0	0	// Wings of Condemnation (1 UN)
4130	4130	2000	6441	0	0	1	0	0	0	0	0	255	255	255	255	255	0	0	// Wings of Eternity (1 UN)
4140	4140	2000	6432	0	0	1	0	0	0	0	0	255	255	255	255	255	0	0	// Wings of Fate (1 UN)
4150	4150	2000	6433	0	0	1	0	0	0	0	0	255	255	255	255	255	0	0	// Wings of Silence (1 UN)
4160	4160	2000	6442	0	0	1	0	0	0	0	0	255	255	255	255	255	0	0	// Pure White Cloak (1 UN)
4170	4170	2000	6446	0	0	1	0	0	0	0	0	255	255	255	255	255	0	0	// Cape of Steel (1 UN)
4180	4180	50	6717	0	0	0	0	0	0	0	0	255	255	255	255	255	0	0	// Illusion Temple Ticket
4190	4190	500000	7602	0	0	0	0	0	0	0	0	255	255	255	255	255	0	0	// Seal of Ur (1 UN)
4200	4200	700000	7607	0	0	0	0	0	0	0	0	255	255	255	255	255	0	0	// Seal of Leviathan (1 UN)
4210	4210	800000	7631	0	0	0	0	0	0	0	0	255	255	255	255	255	0	0	// Seal of Taurus (1 UN)
4220	4220	1000000	7628	0	0	0	0	0	0	0	0	255	255	255	255	255	0	0	// Seal of Robot Blue (1 UN)
4230	4230	1000000	7629	0	0	0	0	0	0	0	0	255	255	255	255	255	0	0	// Seal of Robot Red (1 UN)
4240	4240	1000000	7630	0	0	0	0	0	0	0	0	255	255	255	255	255	0	0	// Seal of Robot White (1 UN)
4250	4250	3000	6412	0	0	1	0	0	0	0	0	255	255	255	255	255	0	0	// Wings of Elysium (1 UN)
4260	4260	3000	6413	0	0	1	0	0	0	0	0	255	255	255	255	255	0	0	// Wings of Flame God (1 UN)
4270	4270	3000	6414	0	0	1	0	0	0	0	0	255	255	255	255	255	0	0	// Wing of Celestial Body (1 UN)
4280	4280	3000	6415	0	0	1	0	0	0	0	0	255	255	255	255	255	0	0	// Wings of Annihilation (1 UN)
4290	4290	3000	6416	0	0	1	0	0	0	0	0	255	255	255	255	255	0	0	// Cloak of Dominator (1 UN)
4300	4300	3000	6417	0	0	1	0	0	0	0	0	255	255	255	255	255	0	0	// Wings of Other World (1 UN)
4310	4310	3000	6418	0	0	1	0	0	0	0	0	255	255	255	255	255	0	0	// Cloak of Judgment (1 UN)
4320	4320	4000	6437	0	0	1	0	0	0	0	0	255	255	255	255	255	0	0	// Cloak of Isolation (1 UN)
4330	4330	4000	6438	0	0	1	0	0	0	0	0	255	255	255	255	255	0	0	// Wings of Hit (1 UN)
4340	4340	4000	6439	0	0	1	0	0	0	0	0	255	255	255	255	255	0	0	// Bloody Wings (1 UN)
4350	4350	4000	6440	0	0	1	0	0	0	0	0	255	255	255	255	255	0	0	// Storm's Wings (1 UN)
4360	4360	4000	6449	0	0	1	0	0	0	0	0	255	255	255	255	255	0	0	// Cloak of Hatred (1 UN)
4370	4370	4000	6464	0	0	1	0	0	0	0	0	255	255	255	255	255	0	0	// Wings Yellow Bat (1 UN)
4380	4380	4000	6465	0	0	1	0	0	0	0	0	255	255	255	255	255	0	0	// Wings of Eternal Blossom (1 UN)
4390	4390	500	7433	0	0	0	0	0	0	0	0	255	255	255	255	255	0	0	// Socket Upgrade(Lv1) (1 UN)
4400	4400	100	6736	0	0	0	0	0	0	0	0	255	255	255	255	255	0	86400	// Pet Panda (1 Days)
4400	4401	600	6736	0	0	0	0	0	0	0	0	255	255	255	255	255	0	604800	// Pet Panda (7 Days)
4400	4402	2600	6736	0	0	0	0	0	0	0	0	255	255	255	255	255	0	2678400	// Pet Panda (31 Days)
4410	4410	50	6732	0	0	0	0	0	0	0	0	255	255	255	255	255	0	86400	// Panda Ring (1 Days)
4410	4411	300	6732	0	0	0	0	0	0	0	0	255	255	255	255	255	0	604800	// Panda Ring (7 Days)
4410	4412	1300	6732	0	0	0	0	0	0	0	0	255	255	255	255	255	0	2678400	// Panda Ring (31 Days)
10000	10000	1	6699	0	0	0	0	0	0	0	0	255	255	255	255	255	0	604800	// Seal of Ascension (7 Days)
10001	10001	1	6700	0	0	0	0	0	0	0	0	255	255	255	255	255	0	604800	// Seal of Wealth (7 Days)
10002	10002	1	7244	0	0	0	0	0	0	0	0	255	255	255	255	255	0	2678400	// Scroll of Health (31 Days)
10003	10003	1	7240	0	0	0	0	0	0	0	0	255	255	255	255	255	0	2678400	// Scroll of Quickness (31 Days)
10004	10004	1	7242	0	0	0	0	0	0	0	0	255	255	255	255	255	0	2678400	// Scroll of Wrath (31 Days)
10005	10005	1	7243	0	0	0	0	0	0	0	0	255	255	255	255	255	0	2678400	// Scroll of Wizardry (31 Days)
10006	10006	1	7265	0	0	0	0	0	0	0	0	255	255	255	255	255	0	2678400	// Scroll of Battle (31 Days)
10007	10007	1	7266	0	0	0	0	0	0	0	0	255	255	255	255	255	0	2678400	// Scroll of Strength (31 Days)
10008	10008	1	6718	0	0	0	0	0	0	0	0	255	255	255	255	255	0	2678400	// Seal of Healing (31 Days)
10009	10009	1	6772	0	0	0	0	0	0	0	0	255	255	255	255	255	0	2678400	// Seal of Wealth (31 Days)
10010	10010	1	6699	0	0	0	0	0	0	0	0	255	255	255	255	255	0	2678400	// Seal of Ascension (31 Days)
10011	10011	1	6759	0	0	0	0	0	0	0	0	255	255	255	255	255	0	2678400	// Party EXP Scroll (31 Days)
10012	10012	1	6736	0	0	0	0	0	0	0	0	255	255	255	255	255	0	2678400	// Pet Panda (31 Days)
10013	10013	1	6732	0	0	0	0	0	0	0	0	255	255	255	255	255	0	2678400	// Panda Ring (31 Days)
10014	10014	1	6780	3	0	0	0	0	0	0	0	255	255	255	255	255	0	2678400	// Paid Channel Access Ticket (31 Days)
10015	10015	1	6720	0	0	0	0	0	0	0	0	255	255	255	255	255	0	2678400	// Demon (31 Days)
10016	10016	1	6947	0	0	0	0	0	0	0	0	255	255	255	255	255	0	2678400	// Elemental Elf (31 Days)
10017	10017	1	6939	0	0	0	0	0	0	0	0	255	255	255	255	255	0	2678400	// Commander (Evolved) (31 Days)
10018	10018	1	6700	0	0	0	0	0	0	0	0	255	255	255	255	255	0	2678400	// Seal of Wealth (31 Days)
10019	10019	1	7244	0	0	0	0	0	0	0	0	255	255	255	255	255	0	604800	// Scroll of Health (7 Days)
10020	10020	1	7245	0	0	0	0	0	0	0	0	255	255	255	255	255	0	604800	// Scroll of Mana (7 Days)
10021	10021	1	7240	0	0	0	0	0	0	0	0	255	255	255	255	255	0	604800	// Scroll of Quickness (7 Days)
10022	10022	1	7242	0	0	0	0	0	0	0	0	255	255	255	255	255	0	604800	// Scroll of Wrath (7 Days)
10023	10023	1	7243	0	0	0	0	0	0	0	0	255	255	255	255	255	0	604800	// Scroll of Wizardry (7 Days)
10024	10024	1	7265	0	0	0	0	0	0	0	0	255	255	255	255	255	0	604800	// Scroll of Battle (7 Days)
10025	10025	1	7266	0	0	0	0	0	0	0	0	255	255	255	255	255	0	604800	// Scroll of Strength (7 Days)
10026	10026	1	7266	0	0	0	0	0	0	0	0	255	255	255	255	255	0	1296000	// Scroll of Strength (15 Days)
10027	10027	1	7265	0	0	0	0	0	0	0	0	255	255	255	255	255	0	1296000	// Scroll of Battle (15 Days)
10028	10028	1	7244	0	0	0	0	0	0	0	0	255	255	255	255	255	0	1296000	// Scroll of Health (15 Days)
10029	10029	1	7243	0	0	0	0	0	0	0	0	255	255	255	255	255	0	1296000	// Scroll of Wizardry (15 Days)
10030	10030	1	7242	0	0	0	0	0	0	0	0	255	255	255	255	255	0	1296000	// Scroll of Wrath (15 Days)
10031	10031	1	7240	0	0	0	0	0	0	0	0	255	255	255	255	255	0	1296000	// Scroll of Quickness (15 Days)
10032	10032	1	6699	0	0	0	0	0	0	0	0	255	255	255	255	255	0	604800	// Seal of Ascension (7 Days)
10033	10033	1	6699	0	0	0	0	0	0	0	0	255	255	255	255	255	0	1209600	// Seal of Ascension (14 Days)
10034	10034	1	6699	0	0	0	0	0	0	0	0	255	255	255	255	255	0	2678400	// Seal of Ascension (31 Days)
10035	10035	1	6700	0	0	0	0	0	0	0	0	255	255	255	255	255	0	604800	// Seal of Wealth (7 Days)
10036	10036	1	6700	0	0	0	0	0	0	0	0	255	255	255	255	255	0	1296000	// Seal of Wealth (15 Days)
10037	10037	1	6700	0	0	0	0	0	0	0	0	255	255	255	255	255	0	2678400	// Seal of Wealth (31 Days)
10038	10038	1	6699	0	0	0	0	0	0	0	0	255	255	255	255	255	0	1296000	// Seal of Ascension (15 Days)
10039	10039	1	6718	0	0	0	0	0	0	0	0	255	255	255	255	255	0	604800	// Seal of Healing (7 Days)
10040	10040	1	6718	0	0	0	0	0	0	0	0	255	255	255	255	255	0	1296000	// Seal of Healing (15 Days)
10041	10041	1	6718	0	0	0	0	0	0	0	0	255	255	255	255	255	0	2678400	// Seal of Healing (31 Days)
10042	10042	1	6759	0	0	0	0	0	0	0	0	255	255	255	255	255	0	604800	// Party EXP Scroll (7 Days)
10043	10043	1	6759	0	0	0	0	0	0	0	0	255	255	255	255	255	0	1296000	// Party EXP Scroll (15 Days)
10044	10044	1	6759	0	0	0	0	0	0	0	0	255	255	255	255	255	0	2678400	// Party EXP Scroll (31 Days)
10045	10045	1	6732	0	0	0	0	0	0	0	0	255	255	255	255	255	0	604800	// Panda Ring (7 Days)
10046	10046	1	6732	0	0	0	0	0	0	0	0	255	255	255	255	255	0	1296000	// Panda Ring (15 Days)
10047	10047	1	6732	0	0	0	0	0	0	0	0	255	255	255	255	255	0	2678400	// Panda Ring (31 Days)
10048	10048	1	6736	0	0	0	0	0	0	0	0	255	255	255	255	255	0	604800	// Pet Panda (7 Days)
10049	10049	1	6736	0	0	0	0	0	0	0	0	255	255	255	255	255	0	1296000	// Pet Panda (15 Days)
10050	10050	1	6736	0	0	0	0	0	0	0	0	255	255	255	255	255	0	2678400	// Pet Panda (31 Days)
10051	10051	1	6718	0	0	0	0	0	0	0	0	255	255	255	255	255	0	604800	// Seal of Healing (7 Days)
10052	10052	1	6699	0	0	0	0	0	0	0	0	255	255	255	255	255	0	1296000	// Seal of Ascension (15 Days)
10053	10053	1	6700	0	0	0	0	0	0	0	0	255	255	255	255	255	0	1296000	// Seal of Wealth (15 Days)
10054	10054	1	6718	0	0	0	0	0	0	0	0	255	255	255	255	255	0	1296000	// Seal of Healing (15 Days)
10055	10055	1	6700	0	0	0	0	0	0	0	0	255	255	255	255	255	0	2678400	// Seal of Wealth (31 Days)
10056	10056	1	6699	0	0	0	0	0	0	0	0	255	255	255	255	255	0	2678400	// Seal of Ascension (31 Days)
10057	10057	1	6718	0	0	0	0	0	0	0	0	255	255	255	255	255	0	2678400	// Seal of Healing (31 Days)
10058	10058	1	6732	0	0	0	0	0	0	0	0	255	255	255	255	255	0	604800	// Panda Ring (7 Days)
10059	10059	1	6732	0	0	0	0	0	0	0	0	255	255	255	255	255	0	1296000	// Panda Ring (15 Days)
10060	10060	1	6732	0	0	0	0	0	0	0	0	255	255	255	255	255	0	2678400	// Panda Ring (31 Days)
10061	10061	1	6736	0	0	0	0	0	0	0	0	255	255	255	255	255	0	604800	// Pet Panda (7 Days)
10062	10062	1	6736	0	0	0	0	0	0	0	0	255	255	255	255	255	0	1296000	// Pet Panda (15 Days)
10063	10063	1	6736	0	0	0	0	0	0	0	0	255	255	255	255	255	0	2678400	// Pet Panda (31 Days)
end