//id Group  Rank  MinLv  MaxLv       V1       V2       V3       V4       V5       V6        V7        V8        V9       V10       V11       V12       V13       V14       V15       V16       V17       V18       V19       V20  RelatedSkill  ReplaceSkill  RequireSkill1  RequireSkill2   DW   DK  ELF   MG   DL  SUM   RF
//=============================================================================================================================================================================================================================================================================================================================================
300      1     1      1     20    18.06    30.27    41.64    52.19    61.97    70.99     79.29     86.90     93.85    100.17    105.89    111.03    115.64    119.73    123.34    126.50    129.24    131.59    133.58    135.24             0             0              0              0    1    1    1    1    1    1    0
301      1     1      1     20   614.08  1029.20  1415.70  1774.61  2106.94  2413.73   2695.98   2954.73   3190.99   3405.79   3600.15   3775.09   3931.63   4070.80   4193.62   4301.10   4394.28   4474.17   4541.79   4598.18             0             0              0              0    4    4    4    4    4    4    0
302      1     2      1     20  2123.68  3687.98  5249.89  6802.66     8340  9856.06  11345.58  12803.80  14226.51  15609.88  16950.73  18246.28  19494.34  20693.21  21841.75  22939.20  23985.44  24980.75  25926.09  26822.67             0             0              0              0    6    6    6    6    6    6    0
303      1     2      1     20     1.81     3.03     4.16     5.22     6.20     7.10      7.93      8.69      9.39     10.02     10.59     11.10     11.56     11.97     12.33     12.65     12.92     13.16     13.36     13.52             0             0              0              0    7    7    7    7    7    7    0
304      1     2      1     20     1.20     2.02     2.78     3.48     4.13     4.73      5.29      5.79      6.26      6.68      7.06      7.40      7.71      7.98      8.22      8.43      8.62      8.77      8.91      9.02             0             0              0              0    8    8    8    8    8    8    0
305      1     3      1     20    12.05    20.18    27.76    34.80    41.31    47.33     52.86     57.94     62.57     66.78     70.59     74.02     77.09     79.82     82.23     84.34     86.16     87.73     89.05     90.16             0             0            300              0    9    9    9    9    9    9    0
306      1     3      1     20     1.20     2.02     2.78     3.48     4.13     4.73      5.29      5.79      6.26      6.68      7.06      7.40      7.71      7.98      8.22      8.43      8.62      8.77      8.91      9.02             0             0            302              0   10   10   10   10   10   10    0
307      1     3      1     20     1.20     2.02     2.78     3.48     4.13     4.73      5.29      5.79      6.26      6.68      7.06      7.40      7.71      7.98      8.22      8.43      8.62      8.77      8.91      9.02             0             0            303              0   11   11   11   11   11   11    0
308      1     3      1     20     1.20     2.02     2.78     3.48     4.13     4.73      5.29      5.79      6.26      6.68      7.06      7.40      7.71      7.98      8.22      8.43      8.62      8.77      8.91      9.02             0             0            304              0   12   12   12   12   12   12    0
309      1     4      1     20   240.08   403.60   555.16   695.92   826.24   946.56   1057.24   1158.72   1251.36   1335.60   1411.84   1480.44   1541.80   1596.40   1644.56   1686.72   1723.24   1754.56   1781.08   1803.20             0             0              0              0   14   14   14   14   14   14    0
310      1     4      1     20     1.20     2.02     2.78     3.48     4.13     4.73      5.29      5.79      6.26      6.68      7.06      7.40      7.71      7.98      8.22      8.43      8.62      8.77      8.91      9.02             0             0            307              0   15   15   15   15   15   15    0
311      1     4      1     20     1.20     2.02     2.78     3.48     4.13     4.73      5.29      5.79      6.26      6.68      7.06      7.40      7.71      7.98      8.22      8.43      8.62      8.77      8.91      9.02             0             0            308              0   16   16   16   16   16   16    0
312      1     5      1     20    12.05    20.18    27.76    34.80    41.31    47.33     52.86     57.94     62.57     66.78     70.59     74.02     77.09     79.82     82.23     84.34     86.16     87.73     89.05     90.16             0             0            305              0   17   17   17   17   17   17    0
313      1     5      1     20     1.20     2.02     2.78     3.48     4.13     4.73      5.29      5.79      6.26      6.68      7.06      7.40      7.71      7.98      8.22      8.43      8.62      8.77      8.91      9.02             0             0            309              0   18   18   18   18   18   18    0
315      1     6      1     20    33.18    61.66    90.62   119.88   149.31   178.75    208.04    237.02    265.64    293.78    321.24    348.08    374.14    399.42    423.85    447.30    469.90    491.53    512.17       532             0             0              0              0   23   23   23   23   23   23    0
316      1     6      1     20        1     1.25     1.47     1.67     1.86     2.04      2.21      2.37      2.51      2.64      2.76      2.86      2.95      3.03      3.10      3.16      3.21      3.26      3.30      3.34             0             0            315              0   24   24   24   24   24   24    0
317      1     7      1     20    75.86   133.21   191.53   250.56   309.88   369.14    428.15    486.64    544.33    601.05    656.50    710.64    763.21    814.13    863.36    910.80    956.36   1000.06   1041.98   1081.90             0             0              0              0   25   25   25   25   25   25    0
318      1     7      1     20    75.86   133.21   191.53   250.56   309.88   369.14    428.15    486.64    544.33    601.05    656.50    710.64    763.21    814.13    863.36    910.80    956.36   1000.06   1041.98   1081.90             0             0              0              0   26   26   26   26   26   26    0
319      1     7      1     20    75.86   133.21   191.53   250.56   309.88   369.14    428.15    486.64    544.33    601.05    656.50    710.64    763.21    814.13    863.36    910.80    956.36   1000.06   1041.98   1081.90             0             0              0              0   27   27   27   27   27   27    0
320      1     7      1     20    75.86   133.21   191.53   250.56   309.88   369.14    428.15    486.64    544.33    601.05    656.50    710.64    763.21    814.13    863.36    910.80    956.36   1000.06   1041.98   1081.90             0             0              0              0   28   28   28   28   28   28    0
322      1     8      1     20    96.32   161.44   222.08   278.40   330.48   378.64    422.88    463.52    500.56    534.24    564.72    592.16    616.72    638.56    657.84    674.72    689.28    701.84    712.40    721.28             0             0              0              0    0   30    0    0    0    0    0
324      1     9      1     20    96.32   161.44   222.08   278.40   330.48   378.64    422.88    463.52    500.56    534.24    564.72    592.16    616.72    638.56    657.84    674.72    689.28    701.84    712.40    721.28             0             0            322              0    0   34    0    0    0    0    0
325      2     1      1     20   511.73   857.67  1179.75  1478.84  1755.79  2011.44   2246.65   2462.27   2659.16   2838.16   3000.13   3145.91   3276.36   3392.33   3494.68   3584.25   3661.90   3728.47   3784.83   3831.81             0             0              0              0   37   37   37   37   37   37    0
326      2     2      1     20    46.36    84.37   123.11   162.24   201.56   240.89    280.06    318.85    357.06    394.65    431.44    467.36    502.18    536.01    568.58    600.03    630.20    659.11    686.79    713.30            22            22              0              0    0   41    0    0    0    0    0
327      2     2      1     20    75.86   133.21   191.53   250.56   309.88   369.14    428.15    486.64    544.33    601.05    656.50    710.64    763.21    814.13    863.36    910.80    956.36   1000.06   1041.98   1081.90            23            23              0              0    0   42    0    0    0    0    0
328      2     2      1     20    96.32   161.44   222.08   278.40   330.48   378.64    422.88    463.52    500.56    534.24    564.72    592.16    616.72    638.56    657.84    674.72    689.28    701.84    712.40    721.28            19            19              0              0    0   43    0    0    0    0    0
329      2     2      1     20    96.32   161.44   222.08   278.40   330.48   378.64    422.88    463.52    500.56    534.24    564.72    592.16    616.72    638.56    657.84    674.72    689.28    701.84    712.40    721.28            20            20              0              0    0   44    0    0    0    0    0
330      2     3      1     20    75.86   133.21   191.53   250.56   309.88   369.14    428.15    486.64    544.33    601.05    656.50    710.64    763.21    814.13    863.36    910.80    956.36   1000.06   1041.98   1081.90            41            41              0              0    0   45    0    0    0    0    0
331      2     3      1     20    26.35       50    74.06    98.40   122.88   147.29    171.65    195.79    219.53    242.92    265.82    288.08    309.79    330.73    350.96    370.53    389.24    407.17    424.42    440.80            42            42              0              0    0   46    0    0    0    0    0
332      2     4      1     20     1.20     2.02     2.78     3.48     4.13     4.73      5.29      5.79      6.26      6.68      7.06      7.40      7.71      7.98      8.22      8.43      8.62      8.77      8.91      9.02            41           330            330              0    0   49    0    0    0    0    0
333      2     4      1     20     1.20     2.02     2.78     3.48     4.13     4.73      5.29      5.79      6.26      6.68      7.06      7.40      7.71      7.98      8.22      8.43      8.62      8.77      8.91      9.02            42           331            331              0    0   50    0    0    0    0    0
334      2     4      1     20   537.34   943.42  1356.71  1774.62  2194.75  2614.89   3032.98   3447.15   3855.77   4257.23   4650.23   5033.44   5405.98      5767   6115.72   6451.65   6774.52   7084.06   7380.46   7663.60             0             0              0              0   51   51   52   52   52   52    0
335      2     4      1     20    26.35       50    74.06    98.40   122.88   147.29    171.65    195.79    219.53    242.92    265.82    288.08    309.79    330.73    350.96    370.53    389.24    407.17    424.42    440.80             0             0              0              0    0   52    0    0    0    0    0
336      2     5      1     20    26.35       50    74.06    98.40   122.88   147.29    171.65    195.79    219.53    242.92    265.82    288.08    309.79    330.73    350.96    370.53    389.24    407.17    424.42    440.80            43            43              0              0    0   53    0    0    0    0    0
337      2     5      1     20    26.35       50    74.06    98.40   122.88   147.29    171.65    195.79    219.53    242.92    265.82    288.08    309.79    330.73    350.96    370.53    389.24    407.17    424.42    440.80           232           232              0              0    0   54    0    0    0    0    0
338      2     5      1     20   537.34   943.42  1356.71  1774.62  2194.75  2614.89   3032.98   3447.15   3855.77   4257.23   4650.23   5033.44   5405.98      5767   6115.72   6451.65   6774.52   7084.06   7380.46   7663.60             0             0            334              0   55   55   56   56   56   56    0
339      2     6      1     20     1.81     3.03     4.16     5.22     6.20     7.10      7.93      8.69      9.39     10.02     11.59     12.10     13.56     14.97     15.33     16.65     17.92     18.16     19.36     20.52             0             0              0              0    0   57    0    0    0    0    0
340      2     6      1     20     1.81     3.03     4.16     5.22     6.20     7.10      7.93      8.69      9.39     10.02     11.59     12.10     13.56     14.97     15.33     16.65     17.92     18.16     19.36     20.52             0             0              0              0    0   58    0    0    0    0    0
341      2     6      1     20   145.37   259.76   376.16   493.92   612.12   730.54    848.20    965.02   1080.03   1193.02   1303.70   1411.60   1516.52   1618.14   1716.31   1810.98   1901.62   1988.82   2072.07   2151.80             0             0            338              0   59   59   60   60   60   60    0
342      2     7      1     20     1.81     3.03     4.16     5.22     6.20     7.10      7.93      8.69      9.39     10.02     10.59     11.10     11.56     11.97     12.33     12.65     12.92     13.16     13.36     13.52             0             0              0              0    0   61    0    0    0    0    0
343      2     7      1     20     1.81     3.03     4.16     5.22     6.20     7.10      7.93      8.69      9.39     10.02     11.59     12.10     13.56     14.97     15.33     16.65     17.92     18.16     19.36     20.52             0             0              0              0    0   62    0    0    0    0    0
344      2     8     10     10        0        0        0        0        0        0         0         0         0         0         0         0         0         0         0         0         0         0         0         0           344             0              0              0    0   66    0   66    0    0    0
345      2     8      1     20     1.81     3.03     4.16     5.22     6.20     7.10      7.93      8.69      9.39     10.02     10.59     11.10     11.56     11.97     12.33     12.65     12.92     13.16     13.36     13.52             0             0              0              0    0   65    0    0    0    0    0
346      2     9      1     20    60.58   108.24   156.74   205.80   255.06   304.40    353.43    402.08    450.01    497.10    543.20    588.16    631.87    674.22    715.14    754.56    792.36    828.68    863.36    896.60           344           344            344              0    0   70    0   70    0    0    0
347      3     1      1     20   818.77  1372.26  1887.60  2366.15  2809.26  3218.30   3594.64   3939.64   4254.66   4541.06   4800.20   5033.45   5242.18   5427.74   5591.49   5734.80   5859.04   5965.56   6055.72   6130.90             0             0              0              0   73   73   73   73   73   73    0
348      3     2      1     20    88.52   155.38   223.44   292.26   361.50   430.69    499.57    567.77    635.10    701.18    765.93    829.04    890.42    949.88   1007.30   1062.63   1115.83   1166.79   1215.63   1262.20             0             0              0              0    0   77    0   77    0    0    0
349      3     2      1     20    26.35       50    74.06    98.40   122.88   147.29    171.65    195.79    219.53    242.92    265.82    288.08    309.79    330.73    350.96    370.53    389.24    407.17    424.42    440.80             0             0              0              0    0   78    0   78    0    0    0
350      3     2      1     20    33.18    61.66    90.62   119.88   149.31   178.75    208.04    237.02    265.64    293.78    321.24    348.08    374.14    399.42    423.85    447.30    469.90    491.53    512.17       532             0             0              0              0    0   79    0    0    0    0    0
351      3     2      1     20    82.16   144.27   207.52   271.44   335.69   399.94    463.86    527.24    589.72    651.08    711.22    769.84    826.82    882.04    935.38    986.76   1036.09   1083.47   1128.76   1172.10             0             0              0              0    0   80    0    0    0    0    0
352      3     3      1     20    82.16   144.27   207.52   271.44   335.69   399.94    463.86    527.24    589.72    651.08    711.22    769.84    826.82    882.04    935.38    986.76   1036.09   1083.47   1128.76   1172.10             0             0            348              0    0   81    0   81    0    0    0
353      3     3      1     10        7       14       21       28       35       42        49        56        63        70         0         0         0         0         0         0         0         0         0         0             0             0            349              0    0   82    0   82    0    0    0
354      3     3      1     20     1.20     2.02     2.78     3.48     4.13     4.73      5.29      5.79      6.26      6.68      7.06      7.40      7.71      7.98      8.22      8.43      8.62      8.77      8.91      9.02             0             0            350              0    0   83    0    0    0    0    0
355      3     3      1     20     1.20     2.02     2.78     3.48     4.13     4.73      5.29      5.79      6.26      6.68      7.06      7.40      7.71      7.98      8.22      8.43      8.62      8.77      8.91      9.02             0             0            351              0    0   84    0    0    0    0    0
356      3     4      1     20     1.81     3.03     4.16     5.22     6.20     7.10      7.93      8.69      9.39     10.02     10.59     11.10     11.56     11.97     12.33     12.65     12.92     13.16     13.36     13.52            48            48              0              0    0   85    0    0    0    0    0
357      3     4      1     20    37.90    66.60    95.80   125.28   154.94   184.60    214.11    243.32    272.17    300.52    328.21    355.28    381.56    407.06    431.72    455.40    478.22    500.08    520.94       541             0             0              0              0   86   86   86   86   86   86    0
358      3     4      1     20     9.14     5.45     3.96     3.16     2.66     2.32      2.08      1.90      1.76      1.65      1.56      1.49      1.43      1.38      1.34      1.30      1.28      1.25      1.24      1.22             0             0              0              0   87   87   87   87   87   87    0
359      3     4      1     20    43.19    25.77    18.73    14.94    12.59    10.99      9.84      8.98      8.31      7.79      7.37      7.02      6.75      6.51      6.32      6.17      6.04      5.93      5.84      5.77             0             0              0              0   88   88   88   88   88   88    0
360      3     5      1     20     1.81     3.03     4.16     5.22     6.20     7.10      7.93      8.69      9.39     10.02     10.59     11.10     11.56     11.97     12.33     12.65     12.92     13.16     13.36     13.52            48           356            356              0    0   89    0    0    0    0    0
361      3     5      1     20    26.35       50    74.06    98.40   122.88   147.29    171.65    195.79    219.53    242.92    265.82    288.08    309.79    330.73    350.96    370.53    389.24    407.17    424.42    440.80             0             0              0              0    0   90    0   90   91    0    0
362      3     5      1     20    43.19    25.77    18.73    14.94    12.59    10.99      9.84      8.98      8.31      7.79      7.37      7.02      6.75      6.51      6.32      6.17      6.04      5.93      5.84      5.77             0             0            359              0   92   92   92   92   92   92    0
363      3     6      1     20     1.81     3.03     4.16     5.22     6.20     7.10      7.93      8.69      9.39     10.02     10.59     11.10     11.56     11.97     12.33     12.65     12.92     13.16     13.36     13.52             0             0              0              0    0   93    0    0    0    0    0
364      3     6      1     20    33.18    61.66    90.62   119.88   149.31   178.75    208.04    237.02    265.64    293.78    321.24    348.08    374.14    399.42    423.85    447.30    469.90    491.53    512.17       532             0             0            361              0    0   94    0   94   95    0    0
366      3     6      1     20        1     1.25     1.47     1.67     1.86     2.04      2.21      2.37      2.51      2.64      2.76      2.86      2.95      3.03      3.10      3.16      3.21      3.26      3.30      3.34             0             0              0              0   96   96   96   96   96   96    0
367      3     7      1     20        1     1.25     1.47     1.67     1.86     2.04      2.21      2.37      2.51      2.64      2.76      2.86      2.95      3.03      3.10      3.16      3.21      3.26      3.30      3.34             0             0              0              0   97   97   97   97   97   97    0
368      3     7      1     20        1     1.25     1.47     1.67     1.86     2.04      2.21      2.37      2.51      2.64      2.76      2.86      2.95      3.03      3.10      3.16      3.21      3.26      3.30      3.34             0             0              0              0   98   98   98   98   98   98    0
369      3     7      1     20        1     1.25     1.47     1.67     1.86     2.04      2.21      2.37      2.51      2.64      2.76      2.86      2.95      3.03      3.10      3.16      3.21      3.26      3.30      3.34             0             0            366              0  100  100  100  100  100  100    0
370      3     8      1     20        1     1.25     1.47     1.67     1.86     2.04      2.21      2.37      2.51      2.64      2.76      2.86      2.95      3.03      3.10      3.16      3.21      3.26      3.30      3.34             0             0              0              0  104  104  104  104  104  104    0
371      3     9      1     20        1     1.25     1.47     1.67     1.86     2.04      2.21      2.37      2.51      2.64      2.76      2.86      2.95      3.03      3.10      3.16      3.21      3.26      3.30      3.34             0             0            370              0  108  108  108  108  108  108    0
372      3     8      1     20        1     1.25     1.47     1.67     1.86     2.04      2.21      2.37      2.51      2.64      2.76      2.86      2.95      3.03      3.10      3.16      3.21      3.26      3.30      3.34             0             0            368              0  102  102  102  102  102  102    0
375      1     8      1     20    96.32   161.44   222.08   278.40   330.48   378.64    422.88    463.52    500.56    534.24    564.72    592.16    616.72    638.56    657.84    674.72    689.28    701.84    712.40    721.28             0             0              0              0   30    0    0    0    0    0    0
377      1     9      1     20    96.32   161.44   222.08   278.40   330.48   378.64    422.88    463.52    500.56    534.24    564.72    592.16    616.72    638.56    657.84    674.72    689.28    701.84    712.40    721.28             0             0            375              0   34    0    0    0    0    0    0
378      2     2      1     20    96.32   161.44   222.08   278.40   330.48   378.64    422.88    463.52    500.56    534.24    564.72    592.16    616.72    638.56    657.84    674.72    689.28    701.84    712.40    721.28             5             5              0              0   41    0    0    0    0    0    0
379      2     2      1     20    75.86   133.21   191.53   250.56   309.88   369.14    428.15    486.64    544.33    601.05    656.50    710.64    763.21    814.13    863.36    910.80    956.36   1000.06   1041.98   1081.90             3             3              0              0   42    0    0    0    0    0    0
380      2     2      1     20     1.20     2.02     2.78     3.48     4.13     4.73      5.29      5.79      6.26      6.68      7.06      7.40      7.71      7.98      8.22      8.43      8.62      8.77      8.91      9.02           233           233              0              0   43    0    0    0    0    0    0
381      2     3      1     20    46.36    84.37   123.11   162.24   201.56   240.89    280.06    318.85    357.06    394.65    431.44    467.36    502.18    536.01    568.58    600.03    630.20    659.11    686.79    713.30            14            14            378              0   45    0    0    0    0    0    0
382      2     3      1     20    96.32   161.44   222.08   278.40   330.48   378.64    422.88    463.52    500.56    534.24    564.72    592.16    616.72    638.56    657.84    674.72    689.28    701.84    712.40    721.28            13            13            379              0   46    0    0    0    0    0    0
383      2     3      1     20     1.20     2.02     2.78     3.48     4.13     4.73      5.29      5.79      6.26      6.68      7.06      7.40      7.71      7.98      8.22      8.43      8.62      8.77      8.91      9.02           233           380            380              0   47    0    0    0    0    0    0
384      2     3      1     20    75.86   133.21   191.53   250.56   309.88   369.14    428.15    486.64    544.33    601.05    656.50    710.64    763.21    814.13    863.36    910.80    956.36   1000.06   1041.98   1081.90             1             1              0              0   48    0    0    0    0    0    0
385      2     4      1     20    46.36    84.37   123.11   162.24   201.56   240.89    280.06    318.85    357.06    394.65    431.44    467.36    502.18    536.01    568.58    600.03    630.20    659.11    686.79    713.30             9             9              0              0   49    0    0    0    0    0    0
386      2     4      1     20    26.35       50    74.06    98.40   122.88   147.29    171.65    195.79    219.53    242.92    265.82    288.08    309.79    330.73    350.96    370.53    389.24    407.17    424.42    440.80             0             0            385              0   50    0    0    0    0    0    0
387      2     4      1     20    96.32   161.44   222.08   278.40   330.48   378.64    422.88    463.52    500.56    534.24    564.72    592.16    616.72    638.56    657.84    674.72    689.28    701.84    712.40    721.28            38            38            384              0   52    0    0    0    0    0    0
388      2     5      1     20    75.86   133.21   191.53   250.56   309.88   369.14    428.15    486.64    544.33    601.05    656.50    710.64    763.21    814.13    863.36    910.80    956.36   1000.06   1041.98   1081.90            10            10              0              0   54    0    0    0    0    0    0
389      2     5      1     20    75.86   133.21   191.53   250.56   309.88   369.14    428.15    486.64    544.33    601.05    656.50    710.64    763.21    814.13    863.36    910.80    956.36   1000.06   1041.98   1081.90             7             7              0              0   56    0    0    0    0    0    0
390      2     6      1     20    75.86   133.21   191.53   250.56   309.88   369.14    428.15    486.64    544.33    601.05    656.50    710.64    763.21    814.13    863.36    910.80    956.36   1000.06   1041.98   1081.90             0             0              0              0   57    0    0    0    0    0    0
391      2     6      1     20    96.32   161.44   222.08   278.40   330.48   378.64    422.88    463.52    500.56    534.24    564.72    592.16    616.72    638.56    657.84    674.72    689.28    701.84    712.40    721.28             0             0              0              0   60    0    0    0    0    0    0
392      2     8      1     20     1.20     2.02     2.78     3.48     4.13     4.73      5.29      5.79      6.26      6.68      7.06      7.40      7.71      7.98      8.22      8.43      8.62      8.77      8.91      9.02             0             0              0              0   68    0    0    0    0    0    0
393      2     7      1     20     1.20     2.02     2.78     3.48     4.13     4.73      5.29      5.79      6.26      6.68      7.06      7.40      7.71      7.98      8.22      8.43      8.62      8.77      8.91      9.02             0             0              0              0   64    0    0    0    0    0    0
394      2     8      1     20     1.20     2.02     2.78     3.48     4.13     4.73      5.29      5.79      6.26      6.68      7.06      7.40      7.71      7.98      8.22      8.43      8.62      8.77      8.91      9.02             0             0              0              0   65    0    0    0    0    0    0
397      3     2      1     20    26.35       50    74.06    98.40   122.88   147.29    171.65    195.79    219.53    242.92    265.82    288.08    309.79    330.73    350.96    370.53    389.24    407.17    424.42    440.80             0             0              0              0   77    0    0   79    0    0    0
398      3     2      1     20    88.52   155.38   223.44   292.26   361.50   430.69    499.57    567.77    635.10    701.18    765.93    829.04    890.42    949.88   1007.30   1062.63   1115.83   1166.79   1215.63   1262.20             0             0              0              0   78    0    0   80    0    0    0
399      3     2      1     20    42.16    79.97   118.51   157.44   196.56   235.69    274.66    313.25    351.26    388.65    425.24    460.96    495.58    529.21    561.58    592.83    622.80    651.51    678.99    705.30             0             0              0              0   79    0    0    0    0    0    0
400      3     3      1     10        7       14       21       28       35       42        49        56        63        70         0         0         0         0         0         0         0         0         0         0             0             0            397              0   81    0    0   83    0    0    0
401      3     3      1     20    88.52   155.38   223.44   292.26   361.50   430.69    499.57    567.77    635.10    701.18    765.93    829.04    890.42    949.88   1007.30   1062.63   1115.83   1166.79   1215.63   1262.20             0             0            398              0   82    0    0   84    0    0    0
402      3     3      1     20    96.32   161.44   222.08   278.40   330.48   378.64    422.88    463.52    500.56    534.24    564.72    592.16    616.72    638.56    657.84    674.72    689.28    701.84    712.40    721.28             0             0            399              0   83    0    0    0    0    0    0
403      3     4      1     20     1.81     3.03     4.16     5.22     6.20     7.10      7.93      8.69      9.39     10.02     10.59     11.10     11.56     11.97     12.33     12.65     12.92     13.16     13.36     13.52            16            16              0              0   85    0    0    0    0    0    0
404      3     5      1     20    42.16    79.97   118.51   157.44   196.56   235.69    274.66    313.25    351.26    388.65    425.24    460.96    495.58    529.21    561.58    592.83    622.80    651.51    678.99    705.30            16           403            403              0   89    0    0    0    0    0    0
405      3     5      1     20    26.35       50    74.06    98.40   122.88   147.29    171.65    195.79    219.53    242.92    265.82    288.08    309.79    330.73    350.96    370.53    389.24    407.17    424.42    440.80             0             0              0              0   90    0    0   89    0    0    0
406      3     6      1     20     1.81     3.03     4.16     5.22     6.20     7.10      7.93      8.69      9.39     10.02     10.59     11.10     11.56     11.97     12.33     12.65     12.92     13.16     13.36     13.52            16             0              0              0   93    0    0    0    0    0    0
407      3     6      1     20    33.18    61.66    90.62   119.88   149.31   178.75    208.04    237.02    265.64    293.78    321.24    348.08    374.14    399.42    423.85    447.30    469.90    491.53    512.17       532             0             0            405              0   94    0    0   93    0    0    0
410      1     8      1     20    96.32   161.44   222.08   278.40   330.48   378.64    422.88    463.52    500.56    534.24    564.72    592.16    616.72    638.56    657.84    674.72    689.28    701.84    712.40    721.28             0             0              0              0    0    0   30    0    0    0    0
411      2     6      1     20    26.35       50    74.06    98.40   122.88   147.29    171.65    195.79    219.53    242.92    265.82    288.08    309.79    330.73    350.96    370.53    389.24    407.17    424.42    440.80             0             0              0              0    0    0   59    0    0    0    0
412      1     9      1     20    96.32   161.44   222.08   278.40   330.48   378.64    422.88    463.52    500.56    534.24    564.72    592.16    616.72    638.56    657.84    674.72    689.28    701.84    712.40    721.28             0             0            410              0    0    0   34    0    0    0    0
413      2     2      1     20    26.35       50    74.06    98.40   122.88   147.29    171.65    195.79    219.53    242.92    265.82    288.08    309.79    330.73    350.96    370.53    389.24    407.17    424.42    440.80            26            26              0              0    0    0   41    0    0    0    0
414      2     2      1     20    46.36    84.37   123.11   162.24   201.56   240.89    280.06    318.85    357.06    394.65    431.44    467.36    502.18    536.01    568.58    600.03    630.20    659.11    686.79    713.30            24            24              0              0    0    0   43    0    0    0    0
415      2     2      1     20   240.08   403.60   555.16   695.92   826.24   946.56   1057.24   1158.72   1251.36   1335.60   1411.84   1480.44   1541.80   1596.40   1644.56   1686.72   1723.24   1754.56   1781.08   1803.20             0             0              0              0    0    0   44    0    0    0    0
416      2     3      1     20    96.32   161.44   222.08   278.40   330.48   378.64    422.88    463.52    500.56    534.24    564.72    592.16    616.72    638.56    657.84    674.72    689.28    701.84    712.40    721.28            52            52              0              0    0    0   45    0    0    0    0
417      2     3      1     20    26.35       50    74.06    98.40   122.88   147.29    171.65    195.79    219.53    242.92    265.82    288.08    309.79    330.73    350.96    370.53    389.24    407.17    424.42    440.80            27            27              0              0    0    0   46    0    0    0    0
418      2     3     10     10        0        0        0        0        0        0         0         0         0         0         0         0         0         0         0         0         0         0         0         0            24           414            414              0    0    0   47    0    0    0    0
419      2     3      1     20   240.08   403.60   555.16   695.92   826.24   946.56   1057.24   1158.72   1251.36   1335.60   1411.84   1480.44   1541.80   1596.40   1644.56   1686.72   1723.24   1754.56   1781.08   1803.20             0             0            415              0    0    0   48    0    0    0    0
420      2     4      1     20    26.35       50    74.06    98.40   122.88   147.29    171.65    195.79    219.53    242.92    265.82    288.08    309.79    330.73    350.96    370.53    389.24    407.17    424.42    440.80            28            28              0              0    0    0   49    0    0    0    0
421      2     4      1     20    26.35       50    74.06    98.40   122.88   147.29    171.65    195.79    219.53    242.92    265.82    288.08    309.79    330.73    350.96    370.53    389.24    407.17    424.42    440.80             0             0              0              0    0    0   51    0    0    0    0
422      2     5      1     20    26.35       50    74.06    98.40   122.88   147.29    171.65    195.79    219.53    242.92    265.82    288.08    309.79    330.73    350.96    370.53    389.24    407.17    424.42    440.80            28           420            420              0    0    0   53    0    0    0    0
423      2     5      1     20    26.35       50    74.06    98.40   122.88   147.29    171.65    195.79    219.53    242.92    265.82    288.08    309.79    330.73    350.96    370.53    389.24    407.17    424.42    440.80            27           417            417              0    0    0   54    0    0    0    0
424      2     5      1     20    26.35       50    74.06    98.40   122.88   147.29    171.65    195.79    219.53    242.92    265.82    288.08    309.79    330.73    350.96    370.53    389.24    407.17    424.42    440.80            51            51              0              0    0    0   55    0    0    0    0
425      2     6     10     10        0        0        0        0        0        0         0         0         0         0         0         0         0         0         0         0         0         0         0         0             0             0              0              0    0    0   58    0    0    0    0
426      2     7     10     10        0        0        0        0        0        0         0         0         0         0         0         0         0         0         0         0         0         0         0         0           426             0              0              0    0    0   61    0    0    0    0
427      2     8     10     10        0        0        0        0        0        0         0         0         0         0         0         0         0         0         0         0         0         0         0         0           427             0              0              0    0    0   67    0    0    0    0
428      2     7      1     20   240.08   403.60   555.16   695.92   826.24   946.56   1057.24   1158.72   1251.36   1335.60   1411.84   1480.44   1541.80   1596.40   1644.56   1686.72   1723.24   1754.56   1781.08   1803.20             0             0              0              0    0    0   64    0    0    0    0
429      2     8      1     20    26.35       50    74.06    98.40   122.88   147.29    171.65    195.79    219.53    242.92    265.82    288.08    309.79    330.73    350.96    370.53    389.24    407.17    424.42    440.80           426           426            426              0    0    0   65    0    0    0    0
430      2     8     10     10        0        0        0        0        0        0         0         0         0         0         0         0         0         0         0         0         0         0         0         0           430             0              0              0    0    0   66    0    0    0    0
431      2     7      1     20     1.20     2.02     2.78     3.48     4.13     4.73      5.29      5.79      6.26      6.68      7.06      7.40      7.71      7.98      8.22      8.43      8.62      8.77      8.91      9.02           235             0              0              0    0    0   63    0    0    0    0
432      2     8     10     10        0        0        0        0        0        0         0         0         0         0         0         0         0         0         0         0         0         0         0         0           432             0            428              0    0    0   68    0    0    0    0
433      2     9      1     20    42.16    79.97   118.51   157.44   196.56   235.69    274.66    313.25    351.26    388.65    425.24    460.96    495.58    529.21    561.58    592.83    622.80    651.51    678.99    705.30           430           430            430              0    0    0   70    0    0    0    0
434      2     9      1     20    75.86   133.21   191.53   250.56   309.88   369.14    428.15    486.64    544.33    601.05    656.50    710.64    763.21    814.13    863.36    910.80    956.36   1000.06   1041.98   1081.90           427           427            427              0    0    0   71    0    0    0    0
435      3     2      1     20    26.35       50    74.06    98.40   122.88   147.29    171.65    195.79    219.53    242.92    265.82    288.08    309.79    330.73    350.96    370.53    389.24    407.17    424.42    440.80             0             0              0              0    0    0   77    0    0    0    0
436      3     2      1     20    46.36    84.37   123.11   162.24   201.56   240.89    280.06    318.85    357.06    394.65    431.44    467.36    502.18    536.01    568.58    600.03    630.20    659.11    686.79    713.30             0             0              0              0    0    0   78    0    0    0    0
437      3     2      1     20    42.16    79.97   118.51   157.44   196.56   235.69    274.66    313.25    351.26    388.65    425.24    460.96    495.58    529.21    561.58    592.83    622.80    651.51    678.99    705.30             0             0              0              0    0    0   79    0    0    0    0
438      3     3      1     10        7       14       21       28       35       42        49        56        63        70         0         0         0         0         0         0         0         0         0         0             0             0            435              0    0    0   81    0    0    0    0
439      3     3      1     20    60.58   108.24   156.74   205.80   255.06   304.40    353.43    402.08    450.01    497.10    543.20    588.16    631.87    674.22    715.14    754.56    792.36    828.68    863.36    896.60             0             0            436              0    0    0   82    0    0    0    0
440      3     3      1     20    96.32   161.44   222.08   278.40   330.48   378.64    422.88    463.52    500.56    534.24    564.72    592.16    616.72    638.56    657.84    674.72    689.28    701.84    712.40    721.28             0             0            437              0    0    0   83    0    0    0    0
441      3     5      1     20     1.20     2.02     2.78     3.48     4.13     4.73      5.29      5.79      6.26      6.68      7.06      7.40      7.71      7.98      8.22      8.43      8.62      8.77      8.91      9.02            77            77              0              0    0    0   89    0    0    0    0
442      3     5      1     20    26.35       50    74.06    98.40   122.88   147.29    171.65    195.79    219.53    242.92    265.82    288.08    309.79    330.73    350.96    370.53    389.24    407.17    424.42    440.80             0             0              0              0    0    0   90    0    0    0    0
443      3     6      1     20    33.18    61.66    90.62   119.88   149.31   178.75    208.04    237.02    265.64    293.78    321.24    348.08    374.14    399.42    423.85    447.30    469.90    491.53    512.17       532             0             0            442              0    0    0   94    0    0    0    0
446      1     8      1     20    96.32   161.44   222.08   278.40   330.48   378.64    422.88    463.52    500.56    534.24    564.72    592.16    616.72    638.56    657.84    674.72    689.28    701.84    712.40    721.28             0             0              0              0    0    0    0    0    0   30    0
447      1     9      1     20    96.32   161.44   222.08   278.40   330.48   378.64    422.88    463.52    500.56    534.24    564.72    592.16    616.72    638.56    657.84    674.72    689.28    701.84    712.40    721.28             0             0            446              0    0    0    0    0    0   34    0
448      2     2      1     20    33.18    61.66    90.62   119.88   149.31   178.75    208.04    237.02    265.64    293.78    321.24    348.08    374.14    399.42    423.85    447.30    469.90    491.53    512.17       532             0             0              0              0    0    0    0    0    0   41    0
449      2     2      1     20    33.18    61.66    90.62   119.88   149.31   178.75    208.04    237.02    265.64    293.78    321.24    348.08    374.14    399.42    423.85    447.30    469.90    491.53    512.17       532             0             0              0              0    0    0    0    0    0   42    0
450      2     2      1     20    33.18    61.66    90.62   119.88   149.31   178.75    208.04    237.02    265.64    293.78    321.24    348.08    374.14    399.42    423.85    447.30    469.90    491.53    512.17       532             0             0              0              0    0    0    0    0    0   43    0
451      2     3      1     20     1.81     3.03     4.16     5.22     6.20     7.10      7.93      8.69      9.39     10.02     10.59     11.10     11.56     11.97     12.33     12.65     12.92     13.16     13.36     13.52             0             0            448              0    0    0    0    0    0   45    0
452      2     3      1     20     1.20     2.02     2.78     3.48     4.13     4.73      5.29      5.79      6.26      6.68      7.06      7.40      7.71      7.98      8.22      8.43      8.62      8.77      8.91      9.02             0             0            449              0    0    0    0    0    0   46    0
453      2     3      1     20     1.81     3.03     4.16     5.22     6.20     7.10      7.93      8.69      9.39     10.02     10.59     11.10     11.56     11.97     12.33     12.65     12.92     13.16     13.36     13.52             0             0            450              0    0    0    0    0    0   47    0
454      2     3      1     20     	  2        4        6        8        10      12        14        16        18        20        22        24        26        28        30        32        34        36        38        40           219           219              0              0    0    0    0    0    0   48    0
455      2     4      1     20    26.35       50    74.06    98.40   122.88   147.29    171.65    195.79    219.53    242.92    265.82    288.08    309.79    330.73    350.96    370.53    389.24    407.17    424.42    440.80           215           215              0              0    0    0    0    0    0   49    0
456      2     4      1     20    26.35       50    74.06    98.40   122.88   147.29    171.65    195.79    219.53    242.92    265.82    288.08    309.79    330.73    350.96    370.53    389.24    407.17    424.42    440.80           230           230              0              0    0    0    0    0    0   50    0
457      2     5      1     20    26.35       50    74.06    98.40   122.88   147.29    171.65    195.79    219.53    242.92    265.82    288.08    309.79    330.73    350.96    370.53    389.24    407.17    424.42    440.80             0             0              0              0    0    0    0    0    0   53    0
458      2     5      1     20    26.35       50    74.06    98.40   122.88   147.29    171.65    195.79    219.53    242.92    265.82    288.08    309.79    330.73    350.96    370.53    389.24    407.17    424.42    440.80           214           214              0              0    0    0    0    0    0   55    0
459      2     7      1     20     1.20     2.02     2.78     3.48     4.13     4.73      5.29      5.79      6.26      6.68      7.06      7.40      7.71      7.98      8.22      8.43      8.62      8.77      8.91      10.0           221             0              0              0    0    0    0    0    0   61    0
460      2     6      1     20     1.20     2.02     2.78     3.48     4.13     4.73      5.29      5.79      6.26      6.68      7.06      7.40      7.71      7.98      8.22      8.43      8.62      8.77      8.91      10.0           222             0              0              0    0    0    0    0    0   58    0
461      2     8     10     10        0        0        0        0        0        0         0         0         0         0         0         0         0         0         0         0         0         0         0         0           461             0              0              0    0    0    0    0    0   66    0
462      2     7      1     20     1.81     3.03     4.16     5.22     6.20     7.10      7.93      8.69      9.39     10.02     11.59     12.10     13.56     14.97     15.33     16.65     17.92     18.16     19.36     20.52           214             0              0              0    0    0    0    0    0   63    0
463      2     9      1     20     1.20     2.02     2.78     3.48     4.13     4.73      5.29      5.79      6.26      6.68      7.06      7.40      7.71      7.98      8.22      8.43      8.62      8.77      8.91      9.02           461           461            461              0    0    0    0    0    0   70    0
465      3     2      1     20    26.35       50    74.06    98.40   122.88   147.29    171.65    195.79    219.53    242.92    265.82    288.08    309.79    330.73    350.96    370.53    389.24    407.17    424.42    440.80             0             0              0              0    0    0    0    0    0   77    0
466      3     2      1     20    46.36    84.37   123.11   162.24   201.56   240.89    280.06    318.85    357.06    394.65    431.44    467.36    502.18    536.01    568.58    600.03    630.20    659.11    686.79    713.30             0             0              0              0    0    0    0    0    0   78    0
467      3     3      1     20    60.58   108.24   156.74   205.80   255.06   304.40    353.43    402.08    450.01    497.10    543.20    588.16    631.87    674.22    715.14    754.56    792.36    828.68    863.36    896.60             0             0            465              0    0    0    0    0    0   81    0
468      3     3      1     10        7       14       21       28       35       42        49        56        63        70         0         0         0         0         0         0         0         0         0         0             0             0            466              0    0    0    0    0    0   82    0
469      3     4      1     20     1.81     3.03     4.16     5.22     6.20     7.10      7.93      8.69      9.39     10.02     10.59     11.10     11.56     11.97     12.33     12.65     12.92     13.16     13.36     13.52           218           218              0              0    0    0    0    0    0   85    0
470      3     5      1     20     1.81     3.03     4.16     5.22     6.20     7.10      7.93      8.69      9.39     10.02     10.59     11.10     11.56     11.97     12.33     12.65     12.92     13.16     13.36     13.52           218           469            469              0    0    0    0    0    0   89    0
471      3     5      1     20    26.35       50    74.06    98.40   122.88   147.29    171.65    195.79    219.53    242.92    265.82    288.08    309.79    330.73    350.96    370.53    389.24    407.17    424.42    440.80             0             0              0              0    0    0    0    0    0   90    0
472      3     6      1     20    42.16    79.97   118.51   157.44   196.56   235.69    274.66    313.25    351.26    388.65    425.24    460.96    495.58    529.21    561.58    592.83    622.80    651.51    678.99    705.30           218           470            470              0    0    0    0    0    0   93    0
473      3     6      1     20    33.18    61.66    90.62   119.88   149.31   178.75    208.04    237.02    265.64    293.78    321.24    348.08    374.14    399.42    423.85    447.30    469.90    491.53    512.17       532             0             0            471              0    0    0    0    0    0   94    0
476      1     8      1     20    96.32   161.44   222.08   278.40   330.48   378.64    422.88    463.52    500.56    534.24    564.72    592.16    616.72    638.56    657.84    674.72    689.28    701.84    712.40    721.28             0             0              0              0    0    0    0   30    0    0    0
478      1     9      1     20    96.32   161.44   222.08   278.40   330.48   378.64    422.88    463.52    500.56    534.24    564.72    592.16    616.72    638.56    657.84    674.72    689.28    701.84    712.40    721.28             0             0            476              0    0    0    0   34    0    0    0
479      2     2      1     20    46.36    84.37   123.11   162.24   201.56   240.89    280.06    318.85    357.06    394.65    431.44    467.36    502.18    536.01    568.58    600.03    630.20    659.11    686.79    713.30            22            22              0              0    0    0    0   41    0    0    0
480      2     2      1     20    75.86   133.21   191.53   250.56   309.88   369.14    428.15    486.64    544.33    601.05    656.50    710.64    763.21    814.13    863.36    910.80    956.36   1000.06   1041.98   1081.90             3             3              0              0    0    0    0   42    0    0    0
481      2     2      1     20    75.86   133.21   191.53   250.56   309.88   369.14    428.15    486.64    544.33    601.05    656.50    710.64    763.21    814.13    863.36    910.80    956.36   1000.06   1041.98   1081.90            41            41              0              0    0    0    0   43    0    0    0
482      2     2      1     20    96.32   161.44   222.08   278.40   330.48   378.64    422.88    463.52    500.56    534.24    564.72    592.16    616.72    638.56    657.84    674.72    689.28    701.84    712.40    721.28            56            56              0              0    0    0    0   44    0    0    0
483      2     3      1     20    96.32   161.44   222.08   278.40   330.48   378.64    422.88    463.52    500.56    534.24    564.72    592.16    616.72    638.56    657.84    674.72    689.28    701.84    712.40    721.28             5             5              0              0    0    0    0   45    0    0    0
484      2     3      1     20    96.32   161.44   222.08   278.40   330.48   378.64    422.88    463.52    500.56    534.24    564.72    592.16    616.72    638.56    657.84    674.72    689.28    701.84    712.40    721.28            13            13            480              0    0    0    0   46    0    0    0
485      2     3      1     20    26.35       50    74.06    98.40   122.88   147.29    171.65    195.79    219.53    242.92    265.82    288.08    309.79    330.73    350.96    370.53    389.24    407.17    424.42    440.80             0             0            481            482    0    0    0   48    0    0    0
486      2     4      1     20    46.36    84.37   123.11   162.24   201.56   240.89    280.06    318.85    357.06    394.65    431.44    467.36    502.18    536.01    568.58    600.03    630.20    659.11    686.79    713.30            14            14            483              0    0    0    0   49    0    0    0
487      2     4      1     20    46.36    84.37   123.11   162.24   201.56   240.89    280.06    318.85    357.06    394.65    431.44    467.36    502.18    536.01    568.58    600.03    630.20    659.11    686.79    713.30             9             9              0              0    0    0    0   50    0    0    0
488      2     4      1     20    26.35       50    74.06    98.40   122.88   147.29    171.65    195.79    219.53    242.92    265.82    288.08    309.79    330.73    350.96    370.53    389.24    407.17    424.42    440.80             0             0              0              0    0    0    0   51    0    0    0
489      2     5      1     20    75.86   133.21   191.53   250.56   309.88   369.14    428.15    486.64    544.33    601.05    656.50    710.64    763.21    814.13    863.36    910.80    956.36   1000.06   1041.98   1081.90             7             7              0              0    0    0    0   55    0    0    0
490      2     5      1     20    26.35       50    74.06    98.40   122.88   147.29    171.65    195.79    219.53    242.92    265.82    288.08    309.79    330.73    350.96    370.53    389.24    407.17    424.42    440.80            55            55              0              0    0    0    0   54    0    0    0
491      2     6      1     20     1.20     2.02     2.78     3.48     4.13     4.73      5.29      5.79      6.26      6.68      7.06      7.40      7.71      7.98      8.22      8.43      8.62      8.77      8.91      9.02             7             0              0              0    0    0    0   59    0    0    0
492      2     6      1     20    46.36    84.37   123.11   162.24   201.56   240.89    280.06    318.85    357.06    394.65    431.44    467.36    502.18    536.01    568.58    600.03    630.20    659.11    686.79    713.30           236             0              0              0    0    0    0   57    0    0    0
493      2     7      1     20     1.20     2.02     2.78     3.48     4.13     4.73      5.29      5.79      6.26      6.68      7.06      7.40      7.71      7.98      8.22      8.43      8.62      8.77      8.91      9.02            55             0              0              0    0    0    0   62    0    0    0
494      2     7      1     20     1.81     3.03     4.16     5.22     6.20     7.10      7.93      8.69      9.39     10.02     10.59     11.10     11.56     11.97     12.33     12.65     12.92     13.16     13.36     13.52           236             0              0              0    0    0    0   61    0    0    0
495      2     8     10     10        0        0        0        0        0        0         0         0         0         0         0         0         0         0         0         0         0         0         0         0           495             0              0              0   66    0    0   67    0    0    0
496      2     7      1     20    33.18    61.66    90.62   119.88   149.31   178.75    208.04    237.02    265.64    293.78    321.24    348.08    374.14    399.42    423.85    447.30    469.90    491.53    512.17       532           237             0              0              0    0    0    0   63    0    0    0
497      2     9      1     20    46.36    84.37   123.11   162.24   201.56   240.89    280.06    318.85    357.06    394.65    431.44    467.36    502.18    536.01    568.58    600.03    630.20    659.11    686.79    713.30           495           495            495              0   70    0    0   71    0    0    0
505      1     8      1     20    96.32   161.44   222.08   278.40   330.48   378.64    422.88    463.52    500.56    534.24    564.72    592.16    616.72    638.56    657.84    674.72    689.28    701.84    712.40    721.28             0             0              0              0    0    0    0    0   30    0    0
506      1     8      1     20    75.86   133.21   191.53   250.56   309.88   369.14    428.15    486.64    544.33    601.05    656.50    710.64    763.21    814.13    863.36    910.80    956.36   1000.06   1041.98   1081.90             0             0              0              0    0    0    0    0   31    0    0
507      1     9      1     20    96.32   161.44   222.08   278.40   330.48   378.64    422.88    463.52    500.56    534.24    564.72    592.16    616.72    638.56    657.84    674.72    689.28    701.84    712.40    721.28             0             0            505              0    0    0    0    0   34    0    0
508      2     2      1     20    46.36    84.37   123.11   162.24   201.56   240.89    280.06    318.85    357.06    394.65    431.44    467.36    502.18    536.01    568.58    600.03    630.20    659.11    686.79    713.30            61            61              0              0    0    0    0    0   41    0    0
509      2     2      1     20    75.86   133.21   191.53   250.56   309.88   369.14    428.15    486.64    544.33    601.05    656.50    710.64    763.21    814.13    863.36    910.80    956.36   1000.06   1041.98   1081.90            60            60              0              0    0    0    0    0   42    0    0
510      2     2      1     20    96.32   161.44   222.08   278.40   330.48   378.64    422.88    463.52    500.56    534.24    564.72    592.16    616.72    638.56    657.84    674.72    689.28    701.84    712.40    721.28             0             0              0              0    0    0    0    0   43    0    0
511      2     3      1     20    33.18    61.66    90.62   119.88   149.31   178.75    208.04    237.02    265.64    293.78    321.24    348.08    374.14    399.42    423.85    447.30    469.90    491.53    512.17       532            64            64              0              0    0    0    0    0   46    0    0
512      2     3      1     20    46.36    84.37   123.11   162.24   201.56   240.89    280.06    318.85    357.06    394.65    431.44    467.36    502.18    536.01    568.58    600.03    630.20    659.11    686.79    713.30            62            62            510              0    0    0    0    0   47    0    0
513      2     3      1     20    26.35       50    74.06    98.40   122.88   147.29    171.65    195.79    219.53    242.92    265.82    288.08    309.79    330.73    350.96    370.53    389.24    407.17    424.42    440.80             0             0              0              0    0    0    0    0   48    0    0
514      2     4      1     20     1.20     2.02     2.78     3.48     4.13     4.73      5.29      5.79      6.26      6.68      7.06      7.40      7.71      7.98      8.22      8.43      8.62      8.77      8.91      9.02            61           508            508              0    0    0    0    0   49    0    0
515      2     4      1     20    42.16    79.97   118.51   157.44   196.56   235.69    274.66    313.25    351.26    388.65    425.24    460.96    495.58    529.21    561.58    592.83    622.80    651.51    678.99    705.30            64           511            511              0    0    0    0    0   50    0    0
516      2     4      1     20     1.20     2.02     2.78     3.48     4.13     4.73      5.29      5.79      6.26      6.68      7.06      7.40      7.71      7.98      8.22      8.43      8.62      8.77      8.91      9.02            62           512            512              0    0    0    0    0   51    0    0
517      2     5      1     20     1.81     3.03     4.16     5.22     6.20     7.10      7.93      8.69      9.39     10.02     10.59     11.10     11.56     11.97     12.33     12.65     12.92     13.16     13.36     13.52            64           515            515              0    0    0    0    0   54    0    0
518      2     5      1     20    26.35       50    74.06    98.40   122.88   147.29    171.65    195.79    219.53    242.92    265.82    288.08    309.79    330.73    350.96    370.53    389.24    407.17    424.42    440.80            78            78              0              0    0    0    0    0   55    0    0
519      2     6      1     20    33.18    61.66    90.62   119.88   149.31   178.75    208.04    237.02    265.64    293.78    321.24    348.08    374.14    399.42    423.85    447.30    469.90    491.53    512.17       532            65             0              0              0    0    0    0    0   57    0    0
520      2     6      1     20    60.58   108.24   156.74   205.80   255.06   304.40    353.43    402.08    450.01    497.10    543.20    588.16    631.87    674.22    715.14    754.56    792.36    828.68    863.36    896.60            78             0              0              0    0    0    0    0   59    0    0
521      2     8     10     10        0        0        0        0        0        0         0         0         0         0         0         0         0         0         0         0         0         0         0         0           521             0              0              0    0    0    0    0   66    0    0
522      2     7      1     20     1.20     2.02     2.78     3.48     4.13     4.73      5.29      5.79      6.26      6.68      7.06      7.40      7.71      7.98      8.22      8.43      8.62      8.77      8.91      9.02            64             0              0              0    0    0    0    0   62    0    0
523      2     7      1     20    26.35       50    74.06    98.40   122.88   147.29    171.65    195.79    219.53    242.92    265.82    288.08    309.79    330.73    350.96    370.53    389.24    407.17    424.42    440.80           238             0              0              0    0    0    0    0   63    0    0
524      2     9      1     20    33.18    61.66    90.62   119.88   149.31   178.75    208.04    237.02    265.64    293.78    321.24    348.08    374.14    399.42    423.85    447.30    469.90    491.53    512.17       532           521           521            521              0    0    0    0    0   70    0    0
526      3     2      1     20    33.18    61.66    90.62   119.88   149.31   178.75    208.04    237.02    265.64    293.78    321.24    348.08    374.14    399.42    423.85    447.30    469.90    491.53    512.17       532             0             0              0              0    0    0    0    0   77    0    0
527      3     2      1     20    26.35       50    74.06    98.40   122.88   147.29    171.65    195.79    219.53    242.92    265.82    288.08    309.79    330.73    350.96    370.53    389.24    407.17    424.42    440.80             0             0              0              0    0    0    0    0   78    0    0
528      3     2      1     20    42.16    79.97   118.51   157.44   196.56   235.69    274.66    313.25    351.26    388.65    425.24    460.96    495.58    529.21    561.58    592.83    622.80    651.51    678.99    705.30             0             0              0              0    0    0    0    0   79    0    0
529      3     2      1     20    33.18    61.66    90.62   119.88   149.31   178.75    208.04    237.02    265.64    293.78    321.24    348.08    374.14    399.42    423.85    447.30    469.90    491.53    512.17       532             0             0              0              0    0    0    0    0   80    0    0
530      3     3      1     20     1.81     3.03     4.16     5.22     6.20     7.10      7.93      8.69      9.39     10.02     10.59     11.10     11.56     11.97     12.33     12.65     12.92     13.16     13.36     13.52             0             0            526              0    0    0    0    0   81    0    0
531      3     3      1     20    60.58   108.24   156.74   205.80   255.06   304.40    353.43    402.08    450.01    497.10    543.20    588.16    631.87    674.22    715.14    754.56    792.36    828.68    863.36    896.60             0             0            527              0    0    0    0    0   82    0    0
532      3     3      1     20    96.32   161.44   222.08   278.40   330.48   378.64    422.88    463.52    500.56    534.24    564.72    592.16    616.72    638.56    657.84    674.72    689.28    701.84    712.40    721.28             0             0            528              0    0    0    0    0   83    0    0
533      3     3      1     20    38.22    24.82    19.41    16.50    14.68    13.45     12.57     11.90     11.39     10.99     10.67     10.40     10.19     10.01      9.86      9.74      9.64      9.56      9.49      9.44             0             0            529              0    0    0    0    0   84    0    0
534      3     4      1     20     1.20     2.02     2.78     3.48     4.13     4.73      5.29      5.79      6.26      6.68      7.06      7.40      7.71      7.98      8.22      8.43      8.62      8.77      8.91      9.02             0             0            530              0    0    0    0    0   85    0    0
535      3     5      1     20    12.05    20.18    27.76    34.80    41.31    47.33     52.86     57.94     62.57     66.78     70.59     74.02     77.09     79.82     82.23     84.34     86.16     87.73     89.05     90.16             0             0              0              0    0    0    0    0   90    0    0
536      3     6      1     20     1.81     3.03     4.16     5.22     6.20     7.10      7.93      8.69      9.39     10.02     10.59     11.10     11.56     11.97     12.33     12.65     12.92     13.16     13.36     13.52             0             0              0              0    0    0    0    0   94    0    0
538      3     5      1     20     1.20     2.02     2.78     3.48     4.13     4.73      5.29      5.79      6.26      6.68      7.06      7.40      7.71      7.98      8.22      8.43      8.62      8.77      8.91      9.02             0             0              0              0    0    0    0    0   89    0    0
539      3     6      1     20     1.20     2.02     2.78     3.48     4.13     4.73      5.29      5.79      6.26      6.68      7.06      7.40      7.71      7.98      8.22      8.43      8.62      8.77      8.91      9.02             0             0            538              0    0    0    0    0   93    0    0
549      1     8      1     20    96.32   161.44   222.08   278.40   330.48   378.64    422.88    463.52    500.56    534.24    564.72    592.16    616.72    638.56    657.84    674.72    689.28    701.84    712.40    721.28             0             0              0              0    0    0    0    0    0    0   30
550      1     9      1     20    96.32   161.44   222.08   278.40   330.48   378.64    422.88    463.52    500.56    534.24    564.72    592.16    616.72    638.56    657.84    674.72    689.28    701.84    712.40    721.28             0             0            549              0    0    0    0    0    0    0   34
551      2     2      1     20    26.35       50    74.06    98.40   122.88   147.29    171.65    195.79    219.53    242.92    265.82    288.08    309.79    330.73    350.96    370.53    389.24    407.17    424.42    440.80           260           260              0              0    0    0    0    0    0    0   41
552      2     2      1     20    26.35       50    74.06    98.40   122.88   147.29    171.65    195.79    219.53    242.92    265.82    288.08    309.79    330.73    350.96    370.53    389.24    407.17    424.42    440.80           261           261              0              0    0    0    0    0    0    0   42
554      2     3      1     20     1.20     2.02     2.78     3.48     4.13     4.73      5.29      5.79      6.26      6.68      7.06      7.40      7.71      7.98      8.22      8.43      8.62      8.77      8.91      9.02           260           551            551              0    0    0    0    0    0    0   45
555      2     3      1     20     1.20     2.02     2.78     3.48     4.13     4.73      5.29      5.79      6.26      6.68      7.06      7.40      7.71      7.98      8.22      8.43      8.62      8.77      8.91      9.02           261           552            552              0    0    0    0    0    0    0   46
557      2     4      1     20    26.35       50    74.06    98.40   122.88   147.29    171.65    195.79    219.53    242.92    265.82    288.08    309.79    330.73    350.96    370.53    389.24    407.17    424.42    440.80             0             0              0              0    0    0    0    0    0    0   52
558      2     5      1     20    26.35       50    74.06    98.40   122.88   147.29    171.65    195.79    219.53    242.92    265.82    288.08    309.79    330.73    350.96    370.53    389.24    407.17    424.42    440.80           262           262              0              0    0    0    0    0    0    0   53
559      2     5      1     20    26.35       50    74.06    98.40   122.88   147.29    171.65    195.79    219.53    242.92    265.82    288.08    309.79    330.73    350.96    370.53    389.24    407.17    424.42    440.80           263           263              0              0    0    0    0    0    0    0   54
560      2     5      1     20    26.35       50    74.06    98.40   122.88   147.29    171.65    195.79    219.53    242.92    265.82    288.08    309.79    330.73    350.96    370.53    389.24    407.17    424.42    440.80           264           264              0              0    0    0    0    0    0    0   56
561      2     6      1     20     1.20     2.02     2.78     3.48     4.13     4.73      5.29      5.79      6.26      6.68      7.06      7.40      7.71      7.98      8.22      8.43      8.62      8.77      8.91      9.02           264             0              0              0    0    0    0    0    0    0   60
562      2     7      1     20     1.20     2.02     2.78     3.48     4.13     4.73      5.29      5.79      6.26      6.68      7.06      7.40      7.71      7.98      8.22      8.43      8.62      8.77      8.91      9.02           262             0              0              0    0    0    0    0    0    0   61
563      2     7      1     20     1.20     2.02     2.78     3.48     4.13     4.73      5.29      5.79      6.26      6.68      7.06      7.40      7.71      7.98      8.22      8.43      8.62      8.77      8.91      9.02           263             0              0              0    0    0    0    0    0    0   62
564      2     7      1     20    60.58   108.24   156.74   205.80   255.06   304.40    353.43    402.08    450.01    497.10    543.20    588.16    631.87    674.22    715.14    754.56    792.36    828.68    863.36    896.60           265             0              0              0    0    0    0    0    0    0   63
565      2     8     10     10        0        0        0        0        0        0         0         0         0         0         0         0         0         0         0         0         0         0         0         0           565             0              0              0    0    0    0    0    0    0   66
566      2     8      1     20     1.20     2.02     2.78     3.48     4.13     4.73      5.29      5.79      6.26      6.68      7.06      7.40      7.71      7.98      8.22      8.43      8.62      8.77      8.91      9.02           265             0              0              0    0    0    0    0    0    0   67
567      2     9      1     20        1     1.25     1.47     1.67     1.86     2.04      2.21      2.37      2.51      2.64      2.76      2.86      2.95      3.03      3.10      3.16      3.21      3.26      3.30      3.34           565             0              0              0    0    0    0    0    0    0   70
568      3     2      1     20    26.35       50    74.06    98.40   122.88   147.29    171.65    195.79    219.53    242.92    265.82    288.08    309.79    330.73    350.96    370.53    389.24    407.17    424.42    440.80             0             0              0              0    0    0    0    0    0    0   77
569      3     2      1     20    26.35       50    74.06    98.40   122.88   147.29    171.65    195.79    219.53    242.92    265.82    288.08    309.79    330.73    350.96    370.53    389.24    407.17    424.42    440.80           268           268              0              0    0    0    0    0    0    0   78
571      3     3      1     10     1.20     2.02     2.78     3.48     4.13     4.73      5.29      5.79      6.26      6.68      7.06      7.40      7.71      7.98      8.22      8.43      8.62      8.77      8.91      9.02             0             0            568              0    0    0    0    0    0    0   81
572      3     3      1     20    26.35       50    74.06    98.40   122.88   147.29    171.65    195.79    219.53    242.92    265.82    288.08    309.79    330.73    350.96    370.53    389.24    407.17    424.42    440.80           268           569            569              0    0    0    0    0    0    0   82
573      3     4      1     20    60.58   108.24   156.74   205.80   255.06   304.40    353.43    402.08    450.01    497.10    543.20    588.16    631.87    674.22    715.14    754.56    792.36    828.68    863.36    896.60           267           267              0              0    0    0    0    0    0    0   85
578      1     1      1     20    18.06    30.27    41.64    52.19    61.97    70.99     79.29     86.90     93.85    100.17    105.89    111.03    115.64    119.73    123.34    126.50    129.24    131.59    133.58    135.24             0             0              0              0    0    0    0    0    0    0    1
579      1     1      1     20   614.08  1029.20  1415.70  1774.61  2106.94  2413.73   2695.98   2954.73   3190.99   3405.79   3600.15   3775.09   3931.63   4070.80   4193.62   4301.10   4394.28   4474.17   4541.79   4598.18             0             0              0              0    0    0    0    0    0    0    4
580      1     2      1     20  2123.68  3687.98  5249.89  6802.66     8340  9856.06  11345.58  12803.80  14226.51  15609.88  16950.73  18246.28  19494.34  20693.21  21841.75  22939.20  23985.44  24980.75  25926.09  26822.67             0             0              0              0    0    0    0    0    0    0    6
581      1     2      1     20     1.81     3.03     4.16     5.22     6.20     7.10      7.93      8.69      9.39     10.02     10.59     11.10     11.56     11.97     12.33     12.65     12.92     13.16     13.36     13.52             0             0              0              0    0    0    0    0    0    0    7
582      1     2      1     20     1.20     2.02     2.78     3.48     4.13     4.73      5.29      5.79      6.26      6.68      7.06      7.40      7.71      7.98      8.22      8.43      8.62      8.77      8.91      9.02             0             0              0              0    0    0    0    0    0    0    8
583      1     3      1     20    12.05    20.18    27.76    34.80    41.31    47.33     52.86     57.94     62.57     66.78     70.59     74.02     77.09     79.82     82.23     84.34     86.16     87.73     89.05     90.16             0             0            578              0    0    0    0    0    0    0    9
584      1     3      1     20     1.20     2.02     2.78     3.48     4.13     4.73      5.29      5.79      6.26      6.68      7.06      7.40      7.71      7.98      8.22      8.43      8.62      8.77      8.91      9.02             0             0            580              0    0    0    0    0    0    0   10
585      1     3      1     20     1.20     2.02     2.78     3.48     4.13     4.73      5.29      5.79      6.26      6.68      7.06      7.40      7.71      7.98      8.22      8.43      8.62      8.77      8.91      9.02             0             0            581              0    0    0    0    0    0    0   11
586      1     3      1     20     1.20     2.02     2.78     3.48     4.13     4.73      5.29      5.79      6.26      6.68      7.06      7.40      7.71      7.98      8.22      8.43      8.62      8.77      8.91      9.02             0             0            582              0    0    0    0    0    0    0   12
587      1     4      1     20   240.08   403.60   555.16   695.92   826.24   946.56   1057.24   1158.72   1251.36   1335.60   1411.84   1480.44   1541.80   1596.40   1644.56   1686.72   1723.24   1754.56   1781.08   1803.20             0             0              0              0    0    0    0    0    0    0   14
588      1     4      1     20     1.20     2.02     2.78     3.48     4.13     4.73      5.29      5.79      6.26      6.68      7.06      7.40      7.71      7.98      8.22      8.43      8.62      8.77      8.91      9.02             0             0            585              0    0    0    0    0    0    0   15
589      1     4      1     20     1.20     2.02     2.78     3.48     4.13     4.73      5.29      5.79      6.26      6.68      7.06      7.40      7.71      7.98      8.22      8.43      8.62      8.77      8.91      9.02             0             0            586              0    0    0    0    0    0    0   16
590      1     5      1     20    12.05    20.18    27.76    34.80    41.31    47.33     52.86     57.94     62.57     66.78     70.59     74.02     77.09     79.82     82.23     84.34     86.16     87.73     89.05     90.16             0             0            583              0    0    0    0    0    0    0   17
591      1     5      1     20     1.20     2.02     2.78     3.48     4.13     4.73      5.29      5.79      6.26      6.68      7.06      7.40      7.71      7.98      8.22      8.43      8.62      8.77      8.91      9.02             0             0            587              0    0    0    0    0    0    0   18
593      1     6      1     20    33.18    61.66    90.62   119.88   149.31   178.75    208.04    237.02    265.64    293.78    321.24    348.08    374.14    399.42    423.85    447.30    469.90    491.53    512.17       532             0             0              0              0    0    0    0    0    0    0   23
594      1     6      1     20        1     1.25     1.47     1.67     1.86     2.04      2.21      2.37      2.51      2.64      2.76      2.86      2.95      3.03      3.10      3.16      3.21      3.26      3.30      3.34             0             0            593              0    0    0    0    0    0    0   24
595      1     7      1     20    75.86   133.21   191.53   250.56   309.88   369.14    428.15    486.64    544.33    601.05    656.50    710.64    763.21    814.13    863.36    910.80    956.36   1000.06   1041.98   1081.90             0             0              0              0    0    0    0    0    0    0   25
596      1     7      1     20    75.86   133.21   191.53   250.56   309.88   369.14    428.15    486.64    544.33    601.05    656.50    710.64    763.21    814.13    863.36    910.80    956.36   1000.06   1041.98   1081.90             0             0              0              0    0    0    0    0    0    0   26
597      1     7      1     20    75.86   133.21   191.53   250.56   309.88   369.14    428.15    486.64    544.33    601.05    656.50    710.64    763.21    814.13    863.36    910.80    956.36   1000.06   1041.98   1081.90             0             0              0              0    0    0    0    0    0    0   27
598      1     7      1     20    75.86   133.21   191.53   250.56   309.88   369.14    428.15    486.64    544.33    601.05    656.50    710.64    763.21    814.13    863.36    910.80    956.36   1000.06   1041.98   1081.90             0             0              0              0    0    0    0    0    0    0   28
599      2     1      1     20   511.73   857.67  1179.75  1478.84  1755.79  2011.44   2246.65   2462.27   2659.16   2838.16   3000.13   3145.91   3276.36   3392.33   3494.68   3584.25   3661.90   3728.47   3784.83   3831.81             0             0              0              0    0    0    0    0    0    0   37
600      2     4      1     20   537.34   943.42  1356.71  1774.62  2194.75  2614.89   3032.98   3447.15   3855.77   4257.23   4650.23   5033.44   5405.98      5767   6115.72   6451.65   6774.52   7084.06   7380.46   7663.60             0             0              0              0    0    0    0    0    0    0   51
601      2     5      1     20   537.34   943.42  1356.71  1774.62  2194.75  2614.89   3032.98   3447.15   3855.77   4257.23   4650.23   5033.44   5405.98      5767   6115.72   6451.65   6774.52   7084.06   7380.46   7663.60             0             0            600              0    0    0    0    0    0    0   55
602      2     6      1     20   145.37   259.76   376.16   493.92   612.12   730.54    848.20    965.02   1080.03   1193.02   1303.70   1411.60   1516.52   1618.14   1716.31   1810.98   1901.62   1988.82   2072.07   2151.80             0             0            601              0    0    0    0    0    0    0   59
603      3     1      1     20   818.77  1372.26  1887.60  2366.15  2809.26  3218.30   3594.64   3939.64   4254.66   4541.06   4800.20   5033.45   5242.18   5427.74   5591.49   5734.80   5859.04   5965.56   6055.72   6130.90             0             0              0              0    0    0    0    0    0    0   73
604      3     4      1     20    37.90    66.60    95.80   125.28   154.94   184.60    214.11    243.32    272.17    300.52    328.21    355.28    381.56    407.06    431.72    455.40    478.22    500.08    520.94       541             0             0              0              0    0    0    0    0    0    0   86
605      3     4      1     20     9.14     5.45     3.96     3.16     2.66     2.32      2.08      1.90      1.76      1.65      1.56      1.49      1.43      1.38      1.34      1.30      1.28      1.25      1.24      1.22             0             0              0              0    0    0    0    0    0    0   87
606      3     4      1     20    43.19    25.77    18.73    14.94    12.59    10.99      9.84      8.98      8.31      7.79      7.37      7.02      6.75      6.51      6.32      6.17      6.04      5.93      5.84      5.77             0             0              0              0    0    0    0    0    0    0   88
607      3     5      1     20    26.35       50    74.06    98.40   122.88   147.29    171.65    195.79    219.53    242.92    265.82    288.08    309.79    330.73    350.96    370.53    389.24    407.17    424.42    440.80             0             0              0              0    0    0    0    0    0    0   90
608      3     5      1     20    43.19    25.77    18.73    14.94    12.59    10.99      9.84      8.98      8.31      7.79      7.37      7.02      6.75      6.51      6.32      6.17      6.04      5.93      5.84      5.77             0             0            606              0    0    0    0    0    0    0   92
609      3     6      1     20    33.18    61.66    90.62   119.88   149.31   178.75    208.04    237.02    265.64    293.78    321.24    348.08    374.14    399.42    423.85    447.30    469.90    491.53    512.17       532             0             0            607              0    0    0    0    0    0    0   94
610      3     6      1     20        1     1.25     1.47     1.67     1.86     2.04      2.21      2.37      2.51      2.64      2.76      2.86      2.95      3.03      3.10      3.16      3.21      3.26      3.30      3.34             0             0              0              0    0    0    0    0    0    0   96
611      3     7      1     20        1     1.25     1.47     1.67     1.86     2.04      2.21      2.37      2.51      2.64      2.76      2.86      2.95      3.03      3.10      3.16      3.21      3.26      3.30      3.34             0             0              0              0    0    0    0    0    0    0   98
612      3     7      1     20        1     1.25     1.47     1.67     1.86     2.04      2.21      2.37      2.51      2.64      2.76      2.86      2.95      3.03      3.10      3.16      3.21      3.26      3.30      3.34             0             0              0              0    0    0    0    0    0    0   99
613      3     7      1     20        1     1.25     1.47     1.67     1.86     2.04      2.21      2.37      2.51      2.64      2.76      2.86      2.95      3.03      3.10      3.16      3.21      3.26      3.30      3.34             0             0            610              0    0    0    0    0    0    0  100
614      3     8      1     20        1     1.25     1.47     1.67     1.86     2.04      2.21      2.37      2.51      2.64      2.76      2.86      2.95      3.03      3.10      3.16      3.21      3.26      3.30      3.34             0             0              0              0    0    0    0    0    0    0  102
615      3     9      1     20        1     1.25     1.47     1.67     1.86     2.04      2.21      2.37      2.51      2.64      2.76      2.86      2.95      3.03      3.10      3.16      3.21      3.26      3.30      3.34             0             0            614              0    0    0    0    0    0    0  106
616      3     8      1     20        1     1.25     1.47     1.67     1.86     2.04      2.21      2.37      2.51      2.64      2.76      2.86      2.95      3.03      3.10      3.16      3.21      3.26      3.30      3.34             0             0            612              0    0    0    0    0    0    0  103
617      3     9      1     20        1     1.25     1.47     1.67     1.86     2.04      2.21      2.37      2.51      2.64      2.76      2.86      2.95      3.03      3.10      3.16      3.21      3.26      3.30      3.34             0             0              0              0    0    0    0    0    0    0  107
623      1     8      1     20        1     1.41     1.79     2.14     2.47     2.77      3.04      3.30      3.53      3.74      3.93      4.10      4.25      4.39      4.51      4.62      4.71      4.79      4.85      4.91             0             0              0              0   32   32   32   32   32   32   32
624      1     8      1     20        1     1.41     1.79     2.14     2.47     2.77      3.04      3.30      3.53      3.74      3.93      4.10      4.25      4.39      4.51      4.62      4.71      4.79      4.85      4.91             0             0              0              0   31   31   31   31   31   31   31
625      1     8      1     20        1     1.41     1.79     2.14     2.47     2.77      3.04      3.30      3.53      3.74      3.93      4.10      4.25      4.39      4.51      4.62      4.71      4.79      4.85      4.91             0             0            623              0   36   36   36   36   36   36   36
626      1     9      1     20   176.98   310.80   446.89   584.58      723   861.38    999.07   1135.54   1270.13   1402.35   1531.86   1658.08   1780.76   1899.66   2014.60   2125.26   2231.56   2333.58   2431.16   2524.50             0             0              0              0   35   35   35   35   35   35   35
627      1     9      1     20     1.20     2.02     2.78     3.48     4.13     4.73      5.29      5.79      6.26      6.68      7.06      7.40      7.71      7.98      8.22      8.43      8.62      8.77      8.91      9.02             0             0              0              0   33   33   33   33   33   33   33
628      3     7      1     20        5        6        7        8        9       10        11        12        13        14        15        16        17        18        19        20        21        22        23        25             0             0              0              0   99   99   99   99   99   99    0
629      3     9      1     20        5        6        7        8        9       10        11        12        13        14        15        16        17        18        19        20        21        22        23        25             0             0              0              0  107  107  107  107  107  107    0
631      2     8     10     10        0        0        0        0        0        0         0         0         0         0         0         0         0         0         0         0         0         0         0         0             0             0              0              0    0   67    0   68    0    0    0
632      2     8     10     10        0        0        0        0        0        0         0         0         0         0         0         0         0         0         0         0         0         0         0         0           632             0              0              0    0   68    0    0    0    0    0
633      2     9      1     20    33.18    61.66    90.62   119.88   149.31   178.75    208.04    237.02    265.64    293.78    321.24    348.08    374.14    399.42    423.85    447.30    469.90    491.53    512.17       532           632           632            632              0    0   72    0    0    0    0    0
634      1     9      1     20        1     1.41     1.79     2.14     2.47     2.77      3.04      3.30      3.53      3.74      3.93      4.10      4.25      4.39      4.51      4.62      4.71      4.79      4.85      4.91             0             0              0              0   32    0    0    0    0    0    0
636      1     8      1     20        1     1.41     1.79     2.14     2.47     2.77      3.04      3.30      3.53      3.74      3.93      4.10      4.25      4.39      4.51      4.62      4.71      4.79      4.85      4.91             0             0            634              0   36    0    0    0    0    0    0
637      1     9      1     20   176.98   310.80   446.89   584.58      723   861.38    999.07   1135.54   1270.13   1402.35   1531.86   1658.08   1780.76   1899.66   2014.60   2125.26   2231.56   2333.58   2431.16   2524.50             0             0              0              0   35    0    0    0    0    0    0
638      1     9      1     20     1.20     2.02     2.78     3.48     4.13     4.73      5.29      5.79      6.26      6.68      7.06      7.40      7.71      7.98      8.22      8.43      8.62      8.77      8.91      9.02             0             0              0              0   33    0    0    0    0    0    0
639      3     7      1     20    26.35       50    74.06    98.40   122.88   147.29    171.65    195.79    219.53    242.92    265.82    288.08    309.79    330.73    350.96    370.53    389.24    407.17    424.42    440.80             0             0              0              0   99    0    0    0    0    0    0

end 