//Index   Drop        Sell        Trade        Vault        Store        GuildVault
6144      0           1           1            1            1            1
6145      0           1           1            1            1            1
6146      0           1           1            1            1            1
6147      0           1           1            1            1            1
6148      0           1           1            1            1            1
6149      0           1           1            1            1            1
6150      0           1           1            1            1            1
6159      0           1           1            1            1            1
6174      0           1           1            1            1            1
6175      0           1           1            1            1            1
6176      1           1           1            1            1            1
6180      0           1           1            1            1            1
6181      0           1           1            1            1            1
6182      0           1           1            1            1            1
6183      0           1           1            1            1            1
6184      0           1           1            1            1            1
6185      0           1           1            1            1            1
6186      0           1           1            1            1            1
6187      0           1           1            1            1            1
6204      0           1           1            1            1            1
6205      0           1           1            1            1            1
6206      0           1           1            1            1            1
6207      0           1           1            1            1            1
6208      0           1           1            1            1            1
6209      0           1           1            1            1            1
6214      0           1           1            1            1            1
6215      0           1           1            1            1            1
6216      0           1           1            1            1            1
6217      0           1           1            1            1            1
6218      0           1           1            1            1            1
6244      0           1           1            1            1            1
6245      0           1           1            1            1            1
6246      0           1           1            1            1            1
6247      0           1           1            1            1            1
6248      0           1           1            1            1            1
6249      0           1           1            1            1            1
6250      0           1           1            1            1            1
6251      0           1           1            1            1            1
6252      0           1           1            1            1            1
6253      0           1           1            1            1            1
6254      0           1           1            1            1            1
6255      0           1           1            1            1            1
6256      0           1           1            1            1            1
6257      0           1           1            1            1            1
6258      0           1           1            1            1            1
6259      0           1           1            1            1            1
6260      0           1           1            1            1            1
6261      0           1           1            1            1            1
6262      0           1           1            1            1            1
6263      0           1           1            1            1            1
6264      0           1           1            1            1            1
6265      0           1           1            1            1            1
6266      0           1           1            1            1            1
6267      0           1           1            1            1            1
6268      0           1           1            1            1            1
6269      0           1           1            1            1            1
6270      0           1           1            1            1            1
6271      0           1           1            1            1            1
6272      0           1           1            1            1            1
6273      0           1           1            1            1            1
6274      0           1           1            1            1            1
6275      0           1           1            1            1            1
6276      0           1           1            1            1            1
6277      0           1           1            1            1            1
6278      0           1           1            1            1            1
6279      0           1           1            1            1            1
6280      0           1           1            1            1            1
6281      0           1           1            1            1            1
6282      0           1           1            1            1            1
6283      0           1           1            1            1            1
6284      0           1           1            1            1            1
6285      0           1           1            1            1            1
6286      0           1           1            1            1            1
6287      0           1           1            1            1            1
6406      0           1           1            1            1            1
6407      0           1           1            1            1            1
6408      0           1           1            1            1            1
6409      0           1           1            1            1            1
6410      0           1           1            1            1            1
6411      0           1           1            1            1            1
6656      0           1           1            1            1            1
6657      0           1           1            1            1            1
6658      0           1           1            1            1            1
6659      0           1           1            1            1            1
6675      1           0           0            0            1            1
6676      1           1           0            0            1            1
6693      0           1           1            1            1            1
6694      1           1           0            1            1            1
6695      1           1           0            1            1            1
6710      0           1           1            1            1            1
6711      0           1           1            1            1            1
6712      0           1           1            1            1            1
6713      0           1           1            1            1            1
6714      0           1           1            1            1            1
6720      0           1           1            1            1            1
6721      0           1           1            1            1            1
6723      0           1           1            1            1            1
6736      0           1           1            1            1            1
7181      0           1           1            1            1            1
7182      0           1           1            1            1            1
7184      0           1           1            1            1            1
7190      0           1           1            1            1            1
7209      0           1           1            1            1            1
7210      0           1           1            1            1            1
7211      0           1           1            1            1            1
7212      0           1           1            1            1            1
7221      0           1           1            1            1            1
7232      1           0           0            0            1            1
7264      0           1           1            1            1            1
7357      0           1           1            1            1            1
7358      0           1           1            1            1            1
end
