//MinLevel   MaxLevel   MinMasterLevel   MaxMasterLevel   MinReset   MaxReset     MinMasterReset   MaxMasterReset   ExperienceRate
1            400        *                *                0           5            0                0                2000
1            400        *                *                6           10           0                0                2000
1            400        *                *                11          15           0                0                2000
1            400        *                *                16          20           0                0                2000
1            400        *                *                21          25           0                0                2000
1            400        *                *                26          30           0                0                2000
1            400        *                *                31          35           0                0                2000
1            400        *                *                36          40           0                0                2000
1            400        *                *                41          45           0                0                2000
1            400        *                *                46          50           0                0                2000
1            400        *                *                51          55           0                0                2000
1            400        *                *                56          60           0                0                2000
1            400        *                *                61          65           0                0                2000
1            400        *                *                66          70           0                0                2000
1            400        *                *                71          75           0                0                2000
1            400        *                *                76          80           0                0                2000
1            400        *                *                81          85           0                0                2000
1            400        *                *                86          90           0                0                2000
1            400        *                *                91          95           0                0                2000
1            400        *                *                96          100          0                0                2000



end