//Index   Name                    	RequireMoney	MinLevel   MaxLevel		MinReset	MaxReset   AccountLevel   Gate
1	"Arena"	2000	50	-1	-1	-1	0	50
2	"Lorencia"	1000	10	-1	-1	-1	0	17
3	"Noria"	2000	10	-1	-1	-1	0	27
4	"Devias"	2000	20	-1	-1	-1	0	22
5	"Devias2"	2500	20	-1	-1	-1	0	72
6	"Devias3"	3000	20	-1	-1	-1	0	73
7	"Devias4"	3500	20	-1	-1	-1	0	74
8	"Dungeon"	3000	30	-1	-1	-1	0	2
9	"Dungeon2"	3500	40	-1	-1	-1	0	6
10	"Dungeon3"	4000	50	-1	-1	-1	0	10
11	"Atlans"	4000	70	-1	-1	-1	0	49
12	"Atlans2"	4500	80	-1	-1	-1	0	75
13	"Atlans3"	5000	90	-1	-1	-1	0	76
14	"LostTower"	5000	50	-1	-1	-1	0	42
15	"LostTower2"	5500	50	-1	-1	-1	0	31
16	"LostTower3"	6000	50	-1	-1	-1	0	33
17	"LostTower4"	6500	60	-1	-1	-1	0	35
18	"LostTower5"	7000	60	-1	-1	-1	0	37
19	"LostTower6"	7500	70	-1	-1	-1	0	39
20	"LostTower7"	8000	70	-1	-1	-1	0	41
21	"Tarkan"	8000	140	-1	-1	-1	0	57
22	"Tarkan2"	8500	140	-1	-1	-1	0	77
23	"Icarus"	10000	170	-1	-1	-1	0	63
24	"LorenDeep"	0	10	-1	-1	-1	0	106
25	"Aida1"	8500	150	-1	-1	-1	0	119
26	"Crywolf"	0	10	-1	-1	-1	0	118
27	"Aida2"	8500	150	-1	-1	-1	0	140
28	"Kanturu_ruin1"	9000	160	-1	-1	-1	0	138
29	"Kanturu_ruin2"	9000	160	-1	-1	-1	0	141
30	"Kanturu_Remain"	12000	230	-1	-1	-1	0	139
31	"Elbeland"	2000	10	-1	-1	-1	0	267
32	"Elbeland2"	2500	10	-1	-1	-1	0	268
33	"Swamp_of_Calmness"	15000	400	-1	-1	-1	0	273
34	"Raklion"	15000	280	-1	-1	-1	0	287
42	"Vulcanus"	15000	30	-1	-1	-1	0	294
43	"Elbeland3"	3000	10	-1	-1	-1	0	269
45	"Kanturu_ruin_island"	15000	160	-1	-1	-1	0	334
46	"Karutan1"	13000	170	-1	-1	-1	0	335
47	"Karutan2"	14000	170	-1	-1	-1	0	344
48	"Arkaina"	15000	10	-1	-1	-1	0	333
49	"Arena"	15000	10	-1	-1	-1	0	346
50	"Abyss"	15000	10	-1	-1	-1	0	355
51	"Dunes"	15000	10	-1	-1	-1	0	356
52	"Acheron"	15000	10	-1	-1	-1	0	357
53	"Barracks"	28000	150	-1	-1	-1	-1	256
54	"Balgass"	28000	150	-1	-1	-1	-1	257
55	"DMxDM"	2000	0	400	-1	-1	0	451
56	"GMxGM"	2000	0	400	-1	-1	0	452
57	"BKxBK"	2000	0	400	-1	-1	0	453
58	"RFxRF"	2000	0	400	-1	-1	0	454
59	"LExLE"	2000	0	400	-1	-1	0	455
60	"ELFxELF"	2000	0	400	-1	-1	0	456
61	"SUMxSUM"	2000	0	400	-1	-1	0	457
66	"Acheron"	55000	250	1000	-1	-1	-1	466
68	"Nars"	55000	250	1000	-1	-1	-1	465
79	"Debenter"	45000	50	1000	-1	-1	-1	467
86	"WarDead"	45000	50	1000	-1	-1	-1	804
end
