//------------------------------------------------------------------------------------------------------------------------------
// www.avroramu.com
// Season6 - www.s6.avroramu.com
// Season20 - www.avroramu.online
// Configuration - www.config.avroramu.com
// Discord - mammoth5555
//------------------------------------------------------------------------------------------------------------------------------
//Section	Type	Level	Dur	Skill	Luck	Option	ExcOp	SetOp	JoH	OEx	Socket1	Socket2	Socket3	Socket4	Socket5	Comment

14	0	0	255	0	0	0	0	0	0	0	255	255	255	255	255	//Healing Potion
14	1	0	255	0	0	0	0	0	0	0	255	255	255	255	255	//Healing Potion
14	2	0	255	0	0	0	0	0	0	0	255	255	255	255	255	//Healing Potion
14	3	0	255	0	0	0	0	0	0	0	255	255	255	255	255	//Healing Potion
14	4	0	255	0	0	0	0	0	0	0	255	255	255	255	255	//Mana Potion
14	5	0	255	0	0	0	0	0	0	0	255	255	255	255	255	//Mana Potion
14	6	0	255	0	0	0	0	0	0	0	255	255	255	255	255	//Mana Potion
14	8	0	255	0	0	0	0	0	0	0	255	255	255	255	255	//Antidote

13	16	1	0	0	0	0	0	0	0	0	255	255	255	255	255	// BC
13	16	2	0	0	0	0	0	0	0	0	255	255	255	255	255	// BC
13	16	3	0	0	0	0	0	0	0	0	255	255	255	255	255	// BC
13	16	4	0	0	0	0	0	0	0	0	255	255	255	255	255	// BC
13	16	5	0	0	0	0	0	0	0	0	255	255	255	255	255	// BC
13	16	6	0	0	0	0	0	0	0	0	255	255	255	255	255	// BC
13	16	7	0	0	0	0	0	0	0	0	255	255	255	255	255	// BC

13	17	1	0	0	0	0	0	0	0	0	255	255	255	255	255	// BC
13	17	2	0	0	0	0	0	0	0	0	255	255	255	255	255	// BC
13	17	3	0	0	0	0	0	0	0	0	255	255	255	255	255	// BC
13	17	4	0	0	0	0	0	0	0	0	255	255	255	255	255	// BC
13	17	5	0	0	0	0	0	0	0	0	255	255	255	255	255	// BC
13	17	6	0	0	0	0	0	0	0	0	255	255	255	255	255	// BC
13	17	7	0	0	0	0	0	0	0	0	255	255	255	255	255	// BC

13	29	0	0	0	0	0	0	0	0	0	255	255	255	255	255	// Armor of Guardsman

14	17	1	0	0	0	0	0	0	0	0	255	255	255	255	255	// DS
14	17	2	0	0	0	0	0	0	0	0	255	255	255	255	255	// DS
14	17	3	0	0	0	0	0	0	0	0	255	255	255	255	255	// DS
14	17	4	0	0	0	0	0	0	0	0	255	255	255	255	255	// DS
14	17	5	0	0	0	0	0	0	0	0	255	255	255	255	255	// DS
14	17	6	0	0	0	0	0	0	0	0	255	255	255	255	255	// DS

14	18	1	0	0	0	0	0	0	0	0	255	255	255	255	255	// DS
14	18	2	0	0	0	0	0	0	0	0	255	255	255	255	255	// DS
14	18	3	0	0	0	0	0	0	0	0	255	255	255	255	255	// DS
14	18	4	0	0	0	0	0	0	0	0	255	255	255	255	255	// DS
14	18	5	0	0	0	0	0	0	0	0	255	255	255	255	255	// DS
14	18	6	0	0	0	0	0	0	0	0	255	255	255	255	255	// DS

13	49	1	0	0	0	0	0	0	0	0	255	255	255	255	255	// IT
13	49	2	0	0	0	0	0	0	0	0	255	255	255	255	255	// IT
13	49	3	0	0	0	0	0	0	0	0	255	255	255	255	255	// IT
13	49	4	0	0	0	0	0	0	0	0	255	255	255	255	255	// IT
13	49	5	0	0	0	0	0	0	0	0	255	255	255	255	255	// IT
13	49	6	0	0	0	0	0	0	0	0	255	255	255	255	255	// IT

13	50	1	0	0	0	0	0	0	0	0	255	255	255	255	255	// IT
13	50	2	0	0	0	0	0	0	0	0	255	255	255	255	255	// IT
13	50	3	0	0	0	0	0	0	0	0	255	255	255	255	255	// IT
13	50	4	0	0	0	0	0	0	0	0	255	255	255	255	255	// IT
13	50	5	0	0	0	0	0	0	0	0	255	255	255	255	255	// IT
13	50	6	0	0	0	0	0	0	0	0	255	255	255	255	255	// IT

14	9	0	0	0	0	0	0	0	0	0	255	255	255	255	255	// Ale
14	173	0	0	0	0	0	0	0	0	0	255	255	255	255	255	// Nix Ticket
14	431	0	0	0	0	0	0	0	0	0	255	255	255	255	255	// Battle Boss Ticket
14	500	0	0	0	0	0	0	0	0	0	255	255	255	255	255	// Jewel of Skill
14	12	0	0	0	0	0	0	0	0	0	255	255	255	255	255	// Zen Coin

14	51	1	0	0	0	0	0	0	0	0	255	255	255	255	255	// Christmas Star +1
14	51	2	0	0	0	0	0	0	0	0	255	255	255	255	255	// Christmas Star +2
14	51	3	0	0	0	0	0	0	0	0	255	255	255	255	255	// Christmas Star +3
14	51	4	0	0	0	0	0	0	0	0	255	255	255	255	255	// Christmas Star +4
14	51	5	0	0	0	0	0	0	0	0	255	255	255	255	255	// Christmas Star +5

end
