/////////////////////////////////////////////////////////////////////////////
//Shop created with GoldMU.Net [Shop Editor]
//Phone: 0987 819 266
///////////////////////////
//Shop: 020 - Christine
/////////////////////////////////////////////////////////////////////////////
//Group	Index	Level	Dur		Skill	Luck	Option	ExcOpt	Anc		JoH		Oex		Socket1	Socket2	Socket3	Socket4	Socket5	ItemName
/////////////////////////////////////////////////////////////////////////////
//
14		0		0		1		0		0		0		0		0		0		0		255		255		255		255		255		//Apple
14		1		0		1		0		0		0		0		0		0		0		255		255		255		255		255		//Small HP Potion
14		2		0		1		0		0		0		0		0		0		0		255		255		255		255		255		//HP Potion
14		3		0		1		0		0		0		0		0		0		0		255		255		255		255		255		//Large HP Potion
14		4		0		1		0		0		0		0		0		0		0		255		255		255		255		255		//Small MP Potion
14		5		0		1		0		0		0		0		0		0		0		255		255		255		255		255		//MP Potion
14		6		0		1		0		0		0		0		0		0		0		255		255		255		255		255		//Large MP Potion
14		8		0		1		0		0		0		0		0		0		0		255		255		255		255		255		//Antidote
end
