//=========================================================================================================================================
// NHServers www.nhservers.com.br
//=========================================================================================================================================
// [NPCS]
//=========================================================================================================================================
0
//Monster      MapNumber      Range      PositionX      PositionY      Direction      Comment
226            34             00         135            047            02             //Trainer
256            34             00         096            025            02             //Lahap
251            34             00         145            014            01             //Hanzo the Blacksmith
240            34             00         113            056            02             //Safety Guardian
224            34             00         118            011            04             //Guardsman
204            34             00         121            031            02             //Wolf Status
205            34             00         125            027            02             //Wolf Altar 1
206            34             00         126            035            02             //Wolf Altar 2
207            34             00         120            038            02             //Wolf Altar 3
208            34             00         115            035            02             //Wolf Altar 4
209            34             00         117            027            02             //Wolf Altar 5
406            34             00         228            048            01             //Apostle Devin
//407            34             00         224            048            01             //Werewolf Quarel
248            34             00         099            040            02             //Wandering Merchant Martin

735            34             00         231            047            01             //Wandering Merchant Martin





end
//=========================================================================================================================================
// [SPOTS] Raklion
//=========================================================================================================================================
1
//Monster      MapNumber      Range      BeginPosX      BeginPosY      EndPosX      EndPosY      Direction      Quantity      Comment
311            34             00         196            49          196            49          -1          08        //Lance Scout
311            34             00         184            22          184            22          -1          08        //Lance Scout
311            34             00         202            073          202           073         -1          08        //Lance Scout
311            34             00         221            076          221           076         -1          08        //Lance Scout
310            34             00         238            123          238           123         -1          08        //Hammer Scout
310            34             00         211            108          211           108         -1          08        //Hammer Scout
310            34             00         142            95           142           95          -1          08        //Hammer Scout
310            34             00         173            97           173           97          -1          08        //Hammer Scout
313            34             00         235            164           235           164          -1          08        //Warewolf
313            34             00         214            195           214           195          -1          08        //Warewolf
313            34             00         176            153           176           153          -1          08        //Warewolf
313            34             00         123            140           123           140          -1          08        //Warewolf
313            34             00         201            140           201           140          -1          08        //Warewolf
313            34             00         68             25           68             25          -1          08        //Bow Scout
313            34             00         87            12           87           12          -1          08        //Bow Scout
313            34             00         117           90           117           90          -1          08        //Bow Scout
313            34             00         87            98           87           98          -1          08        //Bow Scout
313            34             00         78            57           78           57          -1          08        //Bow Scout
314            34             00         39            74           39           74          -1          08        //Scout(Hero)
314            34             00         26            121           26           121          -1          08        //Scout(Hero)
314            34             00         64            151           64           151          -1          08        //Scout(Hero)
314            34             00         84            144           84           144          -1          08        //Scout(Hero)
316            34             00         53            189           53           189          -1          08        //Balram
316            34             00         31            171           31           171          -1          08        //Balram
316            34             00         15            139           15           139          -1          08        //Balram
314            34             00         174            199           174           199          -1          08        //Scout(Hero)
314            34             00         111            217           111           217          -1          08        //Scout(Hero)
314            34             00         081            209           081           209          -1          08        //Scout(Hero)
314            34             00         052            217           052           217          -1          08        //Scout(Hero)
315            34             00         086            231           086           231          -1          08        //Werewolf(Hero)
315            34             00         140            228           140           228          -1          08        //Werewolf(Hero)
315            34             00         167            219           167           219          -1          08        //Werewolf(Hero)
315            34             00         105            185           105           185          -1          08        //Werewolf(Hero)
315            34             00         135            194           135           194          -1          08        //Werewolf(Hero)


end

//=========================================================================================================================================
// [MONSTERS]
//=========================================================================================================================================
2
//Monster      MapNumber      Range      PositionX      PositionY      Direction      Comment



end