//=========================================================================================================================================
// NHServers www.nhservers.com.br
//=========================================================================================================================================
// [QUESTS] CIDADES HUNTS MOBS
//=========================================================================================================================================
0
//Monster      MapNumber      Range      PositionX      PositionY      Direction      Comment
735            84             00        042             124            01             //QUEST NIXIES LAKE

257            84             00        035             124            02             ///Shadow Phantom Soldier
253            84             00        027             123            02             ///Potion Girl
240            84             00        024             123            02             ///Safety Guardian



end

//=========================================================================================================================================
// [CUSTOM] NPC ENTRANCE
//=========================================================================================================================================
0
//Monster      MapNumber      Range      PositionX      PositionY      Direction      Comment
723            84             00         112            105            03             //Boss Entrance Nixies
end

//=========================================================================================================================================
// [Spawns] Nixies Lake
//=========================================================================================================================================
2
//Monster      MapNumber      Range      BeginPosX      EndPosY       Direction           Comment


684            84             5         060 073             -1             //SPOT
684            84             5         060 073             -1             //SPOT
684            84             5         060 073             -1             //SPOT
685            84             5         060 073             -1             //SPOT
685            84             5         060 073             -1             //SPOT
685            84             5         060 073             -1             //SPOT
686            84             5         060 073             -1             //SPOT
686            84             5         060 073             -1             //SPOT

684            84             5         078 081             -1             //SPOT
684            84             5         078 081             -1             //SPOT
684            84             5         078 081             -1             //SPOT
685            84             5         078 081             -1             //SPOT
685            84             5         078 081             -1             //SPOT
685            84             5         078 081             -1             //SPOT
686            84             5         078 081             -1             //SPOT
686            84             5         078 081             -1             //SPOT

684            84             5         120 013             -1             //SPOT
684            84             5         120 013             -1             //SPOT
684            84             5         120 013             -1             //SPOT
685            84             5         120 013             -1             //SPOT
685            84             5         120 013             -1             //SPOT
685            84             5         120 013             -1             //SPOT
686            84             5         120 013             -1             //SPOT
686            84             5         120 013             -1             //SPOT

684            84             5         143 012             -1             //SPOT
684            84             5         143 012             -1             //SPOT
684            84             5         143 012             -1             //SPOT
685            84             5         143 012             -1             //SPOT
685            84             5         143 012             -1             //SPOT
685            84             5         143 012             -1             //SPOT
686            84             5         143 012             -1             //SPOT
686            84             5         143 012             -1             //SPOT

684            84             5         113 069             -1             //SPOT
684            84             5         113 069             -1             //SPOT
684            84             5         113 069             -1             //SPOT
685            84             5         113 069             -1             //SPOT
685            84             5         113 069             -1             //SPOT
685            84             5         113 069             -1             //SPOT
686            84             5         113 069             -1             //SPOT
686            84             5         113 069             -1             //SPOT

684            84             5         197 016             -1             //SPOT
684            84             5         197 016             -1             //SPOT
684            84             5         197 016             -1             //SPOT
685            84             5         197 016             -1             //SPOT
685            84             5         197 016             -1             //SPOT
685            84             5         197 016             -1             //SPOT
686            84             5         197 016             -1             //SPOT
686            84             5         197 016             -1             //SPOT

684            84             5         188 041             -1             //SPOT
684            84             5         188 041             -1             //SPOT
684            84             5         188 041             -1             //SPOT
685            84             5         188 041             -1             //SPOT
685            84             5         188 041             -1             //SPOT
685            84             5         188 041             -1             //SPOT
686            84             5         188 041             -1             //SPOT
686            84             5         188 041             -1             //SPOT

684            84             5         239 068             -1             //SPOT
684            84             5         239 068             -1             //SPOT
684            84             5         239 068             -1             //SPOT
685            84             5         239 068             -1             //SPOT
685            84             5         239 068             -1             //SPOT
685            84             5         239 068             -1             //SPOT
686            84             5         239 068             -1             //SPOT
686            84             5         239 068             -1             //SPOT

684            84             5         241 028             -1             //SPOT
684            84             5         241 028             -1             //SPOT
684            84             5         241 028             -1             //SPOT
685            84             5         241 028             -1             //SPOT
685            84             5         241 028             -1             //SPOT
685            84             5         241 028             -1             //SPOT
686            84             5         241 028             -1             //SPOT
686            84             5         241 028             -1             //SPOT

684            84             5         235 108             -1             //SPOT
684            84             5         235 108             -1             //SPOT
684            84             5         235 108             -1             //SPOT
685            84             5         235 108             -1             //SPOT
685            84             5         235 108             -1             //SPOT
685            84             5         235 108             -1             //SPOT
686            84             5         235 108             -1             //SPOT
686            84             5         235 108             -1             //SPOT

684            84             5         215 108             -1             //SPOT
684            84             5         215 108             -1             //SPOT
684            84             5         215 108             -1             //SPOT
685            84             5         215 108             -1             //SPOT
685            84             5         215 108             -1             //SPOT
685            84             5         215 108             -1             //SPOT
686            84             5         215 108             -1             //SPOT
686            84             5         215 108             -1             //SPOT

684            84             5         159 208             -1             //SPOT
684            84             5         159 208             -1             //SPOT
684            84             5         159 208             -1             //SPOT
685            84             5         159 208             -1             //SPOT
685            84             5         159 208             -1             //SPOT
685            84             5         159 208             -1             //SPOT
686            84             5         159 208             -1             //SPOT
686            84             5         159 208             -1             //SPOT

684            84             5         114 215             -1             //SPOT
684            84             5         114 215             -1             //SPOT
684            84             5         114 215             -1             //SPOT
685            84             5         114 215             -1             //SPOT
685            84             5         114 215             -1             //SPOT
685            84             5         114 215             -1             //SPOT
686            84             5         114 215             -1             //SPOT
686            84             5         114 215             -1             //SPOT

684            84             5         117 173             -1             //SPOT
684            84             5         117 173             -1             //SPOT
684            84             5         117 173             -1             //SPOT
685            84             5         117 173             -1             //SPOT
685            84             5         117 173             -1             //SPOT
685            84             5         117 173             -1             //SPOT
686            84             5         117 173             -1             //SPOT
686            84             5         117 173             -1             //SPOT

684            84             5         015 023             -1             //SPOT
684            84             5         015 023             -1             //SPOT
684            84             5         015 023             -1             //SPOT
685            84             5         015 023             -1             //SPOT
685            84             5         015 023             -1             //SPOT
685            84             5         015 023             -1             //SPOT
686            84             5         015 023             -1             //SPOT
686            84             5         015 023             -1             //SPOT

684            84             5         053 014             -1             //SPOT
684            84             5         053 014             -1             //SPOT
684            84             5         053 014             -1             //SPOT
685            84             5         053 014             -1             //SPOT
685            84             5         053 014             -1             //SPOT
685            84             5         053 014             -1             //SPOT
686            84             5         053 014             -1             //SPOT
686            84             5         053 014             -1             //SPOT

684            84             5         077 014             -1             //SPOT
684            84             5         077 014             -1             //SPOT
684            84             5         077 014             -1             //SPOT
685            84             5         077 014             -1             //SPOT
685            84             5         077 014             -1             //SPOT
685            84             5         077 014             -1             //SPOT
686            84             5         077 014             -1             //SPOT
686            84             5         077 014             -1             //SPOT

684            84             5         095 020             -1             //SPOT
684            84             5         095 020             -1             //SPOT
684            84             5         095 020             -1             //SPOT
685            84             5         095 020             -1             //SPOT
685            84             5         095 020             -1             //SPOT
685            84             5         095 020             -1             //SPOT
686            84             5         095 020             -1             //SPOT
686            84             5         095 020             -1             //SPOT

684            84             5         176 016             -1             //SPOT
684            84             5         176 016             -1             //SPOT
684            84             5         176 016             -1             //SPOT
685            84             5         176 016             -1             //SPOT
685            84             5         176 016             -1             //SPOT
685            84             5         176 016             -1             //SPOT
686            84             5         176 016             -1             //SPOT
686            84             5         176 016             -1             //SPOT

684            84             5         227 014             -1             //SPOT
684            84             5         227 014             -1             //SPOT
684            84             5         227 014             -1             //SPOT
685            84             5         227 014             -1             //SPOT
685            84             5         227 014             -1             //SPOT
685            84             5         227 014             -1             //SPOT
686            84             5         227 014             -1             //SPOT
686            84             5         227 014             -1             //SPOT

684            84             5         182 116             -1             //SPOT
684            84             5         182 116             -1             //SPOT
684            84             5         182 116             -1             //SPOT
685            84             5         182 116             -1             //SPOT
685            84             5         182 116             -1             //SPOT
685            84             5         182 116             -1             //SPOT
686            84             5         182 116             -1             //SPOT
686            84             5         182 116             -1             //SPOT

684            84             5         232 130             -1             //SPOT
684            84             5         232 130             -1             //SPOT
684            84             5         232 130             -1             //SPOT
685            84             5         232 130             -1             //SPOT
685            84             5         232 130             -1             //SPOT
685            84             5         232 130             -1             //SPOT
686            84             5         232 130             -1             //SPOT
686            84             5         232 130             -1             //SPOT

684            84             5         233 219             -1             //SPOT
684            84             5         233 219             -1             //SPOT
684            84             5         233 219             -1             //SPOT
685            84             5         233 219             -1             //SPOT
685            84             5         233 219             -1             //SPOT
685            84             5         233 219             -1             //SPOT
686            84             5         233 219             -1             //SPOT
686            84             5         233 219             -1             //SPOT

684            84             5         175 186             -1             //SPOT
684            84             5         175 186             -1             //SPOT
684            84             5         175 186             -1             //SPOT
685            84             5         175 186             -1             //SPOT
685            84             5         175 186             -1             //SPOT
685            84             5         175 186             -1             //SPOT
686            84             5         175 186             -1             //SPOT
686            84             5         175 186             -1             //SPOT

684            84             5         159 155             -1             //SPOT
684            84             5         159 155             -1             //SPOT
684            84             5         159 155             -1             //SPOT
685            84             5         159 155             -1             //SPOT
685            84             5         159 155             -1             //SPOT
685            84             5         159 155             -1             //SPOT
686            84             5         159 155             -1             //SPOT
686            84             5         159 155             -1             //SPOT

684            84             5         149 134             -1             //SPOT
684            84             5         149 134             -1             //SPOT
684            84             5         149 134             -1             //SPOT
685            84             5         149 134             -1             //SPOT
685            84             5         149 134             -1             //SPOT
685            84             5         149 134             -1             //SPOT
686            84             5         149 134             -1             //SPOT
686            84             5         149 134             -1             //SPOT

684            84             5         134 155             -1             //SPOT
684            84             5         134 155             -1             //SPOT
684            84             5         134 155             -1             //SPOT
685            84             5         134 155             -1             //SPOT
685            84             5         134 155             -1             //SPOT
685            84             5         134 155             -1             //SPOT
686            84             5         134 155             -1             //SPOT
686            84             5         134 155             -1             //SPOT

684            84             5         124 239             -1             //SPOT
684            84             5         124 239             -1             //SPOT
684            84             5         124 239             -1             //SPOT
685            84             5         124 239             -1             //SPOT
685            84             5         124 239             -1             //SPOT
685            84             5         124 239             -1             //SPOT
686            84             5         124 239             -1             //SPOT
686            84             5         124 239             -1             //SPOT

684            84             5         078 236             -1             //SPOT
684            84             5         078 236             -1             //SPOT
684            84             5         078 236             -1             //SPOT
685            84             5         078 236             -1             //SPOT
685            84             5         078 236             -1             //SPOT
685            84             5         078 236             -1             //SPOT
686            84             5         078 236             -1             //SPOT
686            84             5         078 236             -1             //SPOT

684            84             5         052 183             -1             //SPOT
684            84             5         052 183             -1             //SPOT
684            84             5         052 183             -1             //SPOT
685            84             5         052 183             -1             //SPOT
685            84             5         052 183             -1             //SPOT
685            84             5         052 183             -1             //SPOT
686            84             5         052 183             -1             //SPOT
686            84             5         052 183             -1             //SPOT

684            84             5         036 163             -1             //SPOT
684            84             5         036 163             -1             //SPOT
684            84             5         036 163             -1             //SPOT
685            84             5         036 163             -1             //SPOT
685            84             5         036 163             -1             //SPOT
685            84             5         036 163             -1             //SPOT
686            84             5         036 163             -1             //SPOT
686            84             5         036 163             -1             //SPOT

684            84             5         086 161             -1             //SPOT
684            84             5         086 161             -1             //SPOT
684            84             5         086 161             -1             //SPOT
685            84             5         086 161             -1             //SPOT
685            84             5         086 161             -1             //SPOT
685            84             5         086 161             -1             //SPOT
686            84             5         086 161             -1             //SPOT
686            84             5         086 161             -1             //SPOT

684            84             5         019 064             -1             //SPOT
684            84             5         019 064             -1             //SPOT
684            84             5         019 064             -1             //SPOT
685            84             5         019 064             -1             //SPOT
685            84             5         019 064             -1             //SPOT
685            84             5         019 064             -1             //SPOT
686            84             5         019 064             -1             //SPOT
686            84             5         019 064             -1             //SPOT

684            84             5         019 090             -1             //SPOT
684            84             5         019 090             -1             //SPOT
684            84             5         019 090             -1             //SPOT
685            84             5         019 090             -1             //SPOT
685            84             5         019 090             -1             //SPOT
685            84             5         019 090             -1             //SPOT
686            84             5         019 090             -1             //SPOT
686            84             5         019 090             -1             //SPOT

684            84             5         094 063             -1             //SPOT
684            84             5         094 063             -1             //SPOT
684            84             5         094 063             -1             //SPOT
685            84             5         094 063             -1             //SPOT
685            84             5         094 063             -1             //SPOT
685            84             5         094 063             -1             //SPOT
686            84             5         094 063             -1             //SPOT
686            84             5         094 063             -1             //SPOT

684            84             5         086 044             -1             //SPOT
684            84             5         086 044             -1             //SPOT
684            84             5         086 044             -1             //SPOT
685            84             5         086 044             -1             //SPOT
685            84             5         086 044             -1             //SPOT
685            84             5         086 044             -1             //SPOT
686            84             5         086 044             -1             //SPOT
686            84             5         086 044             -1             //SPOT

684            84             5         239 087             -1             //SPOT
684            84             5         239 087             -1             //SPOT
684            84             5         239 087             -1             //SPOT
685            84             5         239 087             -1             //SPOT
685            84             5         239 087             -1             //SPOT
685            84             5         239 087             -1             //SPOT
686            84             5         239 087             -1             //SPOT
686            84             5         239 087             -1             //SPOT

684            84             5         237 160             -1             //SPOT
684            84             5         237 160             -1             //SPOT
684            84             5         237 160             -1             //SPOT
685            84             5         237 160             -1             //SPOT
685            84             5         237 160             -1             //SPOT
685            84             5         237 160             -1             //SPOT
686            84             5         237 160             -1             //SPOT
686            84             5         237 160             -1             //SPOT

684            84             5         153 176             -1             //SPOT
684            84             5         153 176             -1             //SPOT
684            84             5         153 176             -1             //SPOT
685            84             5         153 176             -1             //SPOT
685            84             5         153 176             -1             //SPOT
685            84             5         153 176             -1             //SPOT
686            84             5         153 176             -1             //SPOT
686            84             5         153 176             -1             //SPOT

684            84             5         237 183             -1             //SPOT
684            84             5         237 183             -1             //SPOT
684            84             5         237 183             -1             //SPOT
685            84             5         237 183             -1             //SPOT
685            84             5         237 183             -1             //SPOT
685            84             5         237 183             -1             //SPOT
686            84             5         237 183             -1             //SPOT
686            84             5         237 183             -1             //SPOT

684            84             5         179 220             -1             //SPOT
684            84             5         179 220             -1             //SPOT
684            84             5         179 220             -1             //SPOT
685            84             5         179 220             -1             //SPOT
685            84             5         179 220             -1             //SPOT
685            84             5         179 220             -1             //SPOT
686            84             5         179 220             -1             //SPOT
686            84             5         179 220             -1             //SPOT
686            84             5         179 220             -1             //SPOT
686            84             5         179 220             -1             //SPOT

684            84             5         128 038             -1             //SPOT
684            84             5         128 038             -1             //SPOT
684            84             5         128 038             -1             //SPOT
685            84             5         128 038             -1             //SPOT
685            84             5         128 038             -1             //SPOT
685            84             5         128 038             -1             //SPOT
686            84             5         128 038             -1             //SPOT
686            84             5         128 038             -1             //SPOT
686            84             5         128 038             -1             //SPOT
686            84             5         128 038             -1             //SPOT




end