//=========================================================================================================================================
// NPCS
//=========================================================================================================================================
0
253            115             00         107           143           03             //Potion Girl
240            115             00         107           146           02             //sanduk
257            115             00         107           140           03             //Elf Buffer
end



//=========================================================================================================================================
//  Spots
//=========================================================================================================================================
1
//Monster      MapNumber      Range      BeginPosX      BeginPosY      EndPosX      EndPosY      Direction      Quantity      Comment
841            115             0          091            116            091           116          -1             10            // Illidan
841            115             0          126            117            126           117          -1             10            // Illidan
841            115             0          091            099            091           099          -1             10            // Illidan
841            115             0          126            100            126           100          -1             10            // Illidan
841            115             0          091            080            091           080          -1             10            // Illidan
841            115             0          126            082            126           082          -1             10            // Illidan
841            115             0          092            171            092           171          -1             10            // Illidan
841            115             0          126            172            126           172          -1             10            // Illidan
841            115             0          126            191            126           191          -1             10            // Illidan
841            115             0          090            190            090           190          -1             10            // Illidan
841            115             0          091            208            091           208          -1             10            // Illidan
841            115             0          108            227            108           227          -1             10            // Illidan
841            115             0          126            210            126           210          -1             10            // Illidan


804            115             30          109            210            109            210        -1             1             // Red Snake
804            115             30          109            180            109            180        -1             1             // Red Snake
804            115             30          109            158            109            158        -1             1             // Red Snake                                                                         
804            115             30          109            129            109            129        -1             1             // Red Snake                                                                         
804            115             30          109            109            109            109        -1             1             // Red Snake                                                                        
804            115             30          109            082            109            082        -1             1             // Red Snake


end

//=========================================================================================================================================
// [ESPALHADOS] TARKAN
//=========================================================================================================================================
2
//Monster      MapNumber      Range      PositionX      PositionY      Direction      Comment


end