//=========================================================================================================================================
// NPCS
//=========================================================================================================================================
0

253    118    00    58    118    01    // Potion Girl zatvora
240    118    00    58    109    04    // sanduk
257    118    00    61    119    03    // Bufferka

end



//=========================================================================================================================================
//  Spots
//=========================================================================================================================================
1
// Monster   Map   Range   BeginPosX   BeginPosY   EndPosX   EndPosY   Direction   Quantity   // Comment

352    118    0       78         115        78         115        -1        4    // Iron Rider
352    118    0       78         115        78         115        -1        4    // Iron Rider
352    118    0      100          93       100          93        -1        8    // Iron Rider
//353  118    0       99          82        99          82        -1        8    // Satyros
353    118    0      100          70       100          70        -1        8    // Satyros
353    118    0       79          38        79          38        -1        8    // Satyros
354    118    0       99          38        99          38        -1        8    // Blade Hunter
354    118    0       66           6        66           6        -1        8    // Blade Hunter
354    118    0       39           5        39           5        -1        8    // Blade Hunter
576    118    0       12          23        12          23        -1        8    // Narcondra
359    118    0       28          23        28          23        -1        8    // Twin Tale
357    118    0       47          23        47          23        -1        8    // Genocider
351    118    0       48         115        48         115        -1        8    // splinter wolf
351    118    0       30         115        30         115        -1        8    // splinter wolf
351    118    0        9         115         9         115        -1        8    // splinter wolf
351    118    0       69          99        69          99        -1        8    // splinter wolf
351    118    5       68          75        68          75        -1        8    // splinter wolf
352    118    5       98         115        98         115        -1        8    // Iron Rider
357    118    5       48          42        48          42        -1        8    // Genocider
357    118    5       48          57        48          57        -1        8    // Genocider
357    118    5       48          38        48          38        -1        8    // Genocider
359    118    5       29          91        29          91        -1        8    // Twin Tale
359    118    5       29          74        29          74        -1        8    // Twin Tale
359    118    5       29          56        29          56        -1        8    // Twin Tale
359    118    5       29          39        29          39        -1        8    // Twin Tale
576    118    5       12          39        12          39        -1        8    // Narcondra
576    118    5       12          56        12          56        -1        8    // Narcondra
576    118    5       12          74        12          74        -1        8    // Narcondra
576    118    5       12          92        12          92        -1        8    // Narcondra
353    118    5       68          56        68          56        -1        8    // Satyros
353    118    5       89          56        89          56        -1        8    // Satyros
354    118    5       63          29        63          29        -1        8    // Blade Hunter
354    118    5       84          13        84          13        -1        8    // Blade Hunter

// Закомментированные монстры (сохранены для истории)
//35    118    0      77         70         77         70         -1        8    // Death Gorgon
//37    118    0      77         82         77         82         -1        8    // Devil
//41    118    0      77         93         77         93         -1        8    // Death Cow

end

//=========================================================================================================================================
// MONSTERS
//=========================================================================================================================================
2



end